9.8181e+13, 2.6201e+14, 0.17017, 991.649, 1076.08, 0.125137417215
9.5829e+13, 2.0756e+14, 0.620463, 775.774, 1493.84, 0.479776778458
6.1228e+13, 3.1552e+14, 0.801664, 575.401, 596.502, 0.422998229041
9.7569e+13, 3.0016e+14, 0.209917, 559.927, 2111.32, 0.20290292107
1.4054e+14, 6.6946e+14, 0.680902, 2312.36, 520.3, 0.0520016247657
1.2881e+14, 7.4212e+13, 0.344841, 732.098, 954.481, 0.290259768711
1.6962e+14, 6.9178e+13, 0.228946, 1045.24, 999.215, 0.134491137209
7.2236e+13, 3.5349e+14, 0.114072, 1213.31, 406.324, 0.0362241300423
2.1958e+14, 9.5358e+13, 0.482521, 1394.39, 771.026, 0.200977850901
6.899e+13, 2.5693e+14, 0.0901124, 1271.54, 771.287, 0.0467345100327
1.1568e+14, 7.3859e+13, 0.225745, 983.658, 174.877, 0.0572407346769
6.636e+14, 9.5782e+13, 0.400346, 1052.96, 2115.32, 0.327603797343
2.3588e+14, 7.0801e+13, 0.165109, 1427.37, 696.739, 0.103723383013
6.3909e+13, 1.7489e+14, 0.338565, -1725.13, 969.077, 0.143732460121
7.1883e+13, 2.0328e+14, 0.0574777, 37.3926, 1288.83, 0.0574535245052
9.8087e+13, 8.2207e+14, 1.18948, -33.2865, 309.76, 0.398535674704
9.5147e+13, 5.0474e+14, 0.286692, -1195.16, 288.55, 0.423494551514
6.0452e+13, 2.4618e+14, 0.609595, 1353.43, 190.033, 0.076174589979
1.4767e+14, 3.1148e+14, 0.423821, 786.44, 1626.23, 0.369981503502
9.3806e+13, 2.396e+14, 0.239555, 1850.27, 358.123, 0.0402874540114
1.8862e+14, 7.1319e+13, 0.188843, 909.996, 1419.64, 0.159451513722
3.8301e+14, 7.1248e+13, 0.197775, 1196.13, 226.155, 0.0483266507849
2.9508e+14, 1.2128e+14, 0.12969, 1115.18, 793.29, 0.0751756279163
9.8204e+13, 1.7634e+14, 0.313491, 140.526, 1590.21, 0.261119802878
1.0999e+14, 2.6937e+14, 0.497829, 1005.62, 873.563, 0.270967500363
1.826e+14, 5.5444e+14, 0.542437, -2796.44, 430.857, 0.181374410584
7.6094e+13, 2.1436e+14, 0.413692, 548.82, 1684.54, 0.398234407807
8.7126e+13, 2.0438e+14, 0.0800051, 1188.8, 241.921, 0.0159540551778
1.7592e+14, 6.9014e+13, 0.215027, 222.497, 1548.97, 0.212842422572
1.0343e+14, 5.9767e+14, 0.645275, 1934.81, 325.974, 0.0684538873306
8.0516e+13, 1.2044e+15, 0.406889, 1974.33, 728.566, 0.103367409489
1.5226e+14, 5.4712e+14, 0.763469, 2729.66, 1195.98, 0.211640101122
5.514e+14, 1.5974e+14, 0.609426, 2122.78, 436.217, 0.036223056382
7.4259e+13, 1.8681e+14, 0.224954, 583.973, 1694.02, 0.212672080869
8.3738e+13, 1.9399e+14, 0.0984276, 1117.86, 114.495, 0.01002882084
2.8711e+14, 6.4921e+13, 0.537279, 1702.86, 610.872, 0.260070445459
2.1501e+14, 6.4262e+13, 0.0733553, 25.6198, 1617.31, 0.0733460979476
6.6003e+13, 4.3831e+14, 0.262863, -1330.0, 230.949, 0.185121792455
5.2318e+14, 9.0913e+13, 0.161536, 592.127, 2126.23, 0.155614342231
7.5435e+13, 3.0729e+14, 0.430071, 16.4996, 2256.14, 0.430059499745
6.6097e+13, 2.5928e+14, 0.444775, 1248.67, 223.726, 0.0115623631815
2.8499e+14, 7.6729e+13, 0.483174, 1561.32, 1056.62, 0.270803037521
1.2843e+14, 3.4921e+14, 0.195228, 1410.87, 287.299, 0.028122029621
8.7e+13, 2.2014e+14, 0.722917, -128.734, 289.263, 0.3828053938
1.9855e+14, 9.0278e+13, 0.126909, 1080.48, 511.877, 0.054334137787
3.3161e+14, 8.268e+13, 0.746987, 1155.65, 359.26, 0.161310050861
1.4036e+14, 3.7078e+14, 0.630451, 1786.77, 1001.32, 0.251746793869
2.2301e+14, 6.8049e+13, 0.401135, 1342.88, 120.78, 0.0438718470642
1.5955e+14, 3.2399e+14, 0.437595, 1682.71, 753.237, 0.197053971101
1.9312e+14, 6.7838e+13, 0.36054, 736.936, 1448.62, 0.338602786993
2.5253e+14, 7.8399e+13, 0.372055, 986.032, 743.949, 0.139187025969
6.8355e+13, 8.7031e+13, 0.768986, 175.865, 218.134, 0.33916419412
6.4686e+13, 1.938e+14, 0.292132, 1247.87, 600.146, 0.148677580995
6.7532e+13, 2.2758e+14, 0.0794292, -773.763, 439.875, 0.191650962609
2.1723e+14, 8.5079e+13, 0.358818, 1535.66, 534.896, 0.125740927441
2.1553e+14, 6.104e+13, 0.186698, 1442.31, 379.501, 0.0499437372569
8.7667e+13, 4.7997e+14, 0.375719, 1804.92, 1094.41, 0.178125107298
1.7305e+14, 6.6262e+13, 0.266415, 743.7, 1582.66, 0.255189115352
5.2431e+14, 1.7642e+14, 0.36524, 1908.12, 930.609, 0.140890523174
1.2749e+14, 3.2809e+14, 0.210772, 1174.09, 626.3, 0.106944671443
1.7383e+14, 6.525e+13, 0.222383, 1246.5, 47.0594, 0.0225190486408
1.1025e+14, 2.6904e+14, 0.397781, 1878.9, 601.434, 0.12246233503
3.6763e+14, 2.5891e+14, 0.259309, 361.613, 1503.28, 0.252117316108
7.6734e+14, 6.3839e+13, 0.28457, 1296.7, 1242.7, 0.182189114753
5.1022e+14, 7.7834e+13, 0.795438, 1311.59, 278.609, 0.139409226562
6.3956e+13, 2.5336e+14, 0.346105, 1453.5, 154.096, 0.0921957987618
6.645e+13, 1.6016e+14, 0.237718, 1541.23, 414.317, 0.0661937465279
1.2024e+14, 7.449e+14, 0.365463, 1128.65, 2234.15, 0.318787868682
1.1004e+14, 2.8906e+14, 0.687972, 1209.65, 481.691, 0.187611565532
9.8204e+13, 2.2659e+14, 0.173741, 48.1829, 1189.95, 0.173598745136
7.5106e+13, 2.2814e+14, 0.521729, 656.771, 1075.73, 0.413182038888
1.3993e+14, 6.1416e+13, 0.220282, 1201.32, 447.793, 0.0343437150149
2.3331e+14, 6.1675e+13, 0.188597, 1269.9, 1270.2, 0.133373967032
6.7179e+13, 2.5985e+14, 0.298221, 1877.12, 152.698, 0.0382502524177
7.1347e+14, 6.3909e+13, 0.131134, 1967.56, 705.85, 0.0442803486989
7.36e+13, 3.1461e+14, 0.538508, 1023.14, 371.673, 0.156775123476
2.5206e+14, 7.8611e+13, 0.343548, 1593.18, 406.253, 0.0815585008848
3.3931e+14, 1.0841e+14, 0.512583, 1490.9, 487.727, 0.110932423337
2.7542e+14, 1.1366e+14, 0.356898, 1110.0, 175.699, 0.104321491668
6.9766e+13, 1.9775e+14, 0.176068, 617.042, 1160.18, 0.155449743234
1.0173e+14, 2.9541e+14, 0.330412, 1336.85, 456.712, 0.100974936305
1.8822e+14, 6.4262e+13, 0.149188, 585.151, 1432.34, 0.138107727224
1.4758e+14, 3.0607e+14, 0.850706, 672.204, 217.559, 0.173554892809
8.2986e+13, 2.1923e+14, 0.121626, 1067.59, 921.837, 0.0794886479782
7.3577e+13, 1.8479e+14, 0.191186, 1216.79, 741.269, 0.0994667072383
1.9742e+14, 8.1245e+13, 0.269314, 152.492, 1893.56, 0.268444922031
5.0765e+14, 8.4867e+13, 0.420435, -497.826, 350.008, 0.16299041563
6.5909e+13, 1.6771e+14, 0.174783, 137.238, 1438.98, 0.173993489267
7.6894e+13, 1.9631e+14, 0.29526, 1716.68, 412.807, 0.0893004223192
3.526e+14, 7.7411e+13, 0.157448, 1223.05, 585.132, 0.0679502381981
1.874e+14, 6.2075e+13, 0.228206, 1322.9, 293.004, 0.0742633982371
3.7689e+14, 1.1015e+14, 0.601173, 1335.45, 736.251, 0.18593287978
2.7535e+14, 1.6181e+14, 0.151885, 676.253, 743.843, 0.112383384761
2.4929e+14, 8.9243e+13, 0.318119, 1416.19, 34.0797, 0.00638688286742
6.1698e+13, 2.1426e+14, 0.50408, 1306.4, 718.95, 0.179623687199
1.456e+14, 8.4585e+13, 0.0402616, 670.719, 96.8638, 0.00575479119447
7.2213e+13, 2.0645e+14, 0.211807, 878.973, 1544.74, 0.17256069514
1.9055e+14, 9.0771e+13, 0.376198, 996.312, 1241.7, 0.215790830061
6.3368e+13, 6.0743e+14, 0.932533, -937.63, 456.42, 0.139994358101
7.0166e+13, 1.8575e+14, 0.253377, 1266.33, 131.691, 0.0527513847278
6.4756e+13, 2.7387e+14, 0.576245, 1303.22, 1244.3, 0.340514176289
7.8352e+13, 4.5816e+14, 0.672926, 1506.5, 309.256, 0.0591095840368
3.8336e+14, 1.2869e+14, 0.330964, 107.581, 1792.01, 0.330369202576
1.1229e+14, 5.1784e+14, 0.406331, 2225.78, 170.315, 0.0359356636242
7.3271e+13, 1.8733e+14, 0.181739, -5.52408, 1178.4, 0.109366632411
8.6279e+13, 3.2684e+14, 0.509675, 879.597, 898.974, 0.223146454787
8.6373e+13, 1.9827e+14, 0.438863, 215.508, 1871.93, 0.435983245591
7.27535e+13, 3.0647e+14, 0.795001, 997.817, 525.11, 0.213216938394
2.2861e+14, 7.7035e+13, 0.569728, 1395.54, 402.32, 0.146076844287
6.2611e+14, 7.9528e+13, 0.270292, 1697.55, 120.055, 0.0190681024404
6.8237e+13, 3.7654e+14, 0.627315, 1650.69, 186.88, 0.111968659615
6.8331e+13, 3.5476e+14, 0.368897, 1818.69, 249.855, 0.0502081590576
7.2542e+13, 4.206e+14, 0.421778, 506.61, 2014.79, 0.418760445256
6.5579e+13, 1.9006e+14, 0.392934, 840.155, 1220.28, 0.300056556709
1.1171e+14, 4.5527e+14, 0.766431, 775.697, 1180.52, 0.420653734856
6.0734e+13, 2.9497e+14, 0.532235, 1284.62, 614.884, 0.232962660558
1.6581e+14, 4.9335e+14, 0.546773, 1794.23, 549.824, 0.154058812299
6.2992e+13, 3.1014e+14, 0.340595, 358.697, 1961.65, 0.33503988068
2.4472e+14, 6.5579e+13, 0.601121, 925.348, 1573.47, 0.487847353646
9.3157e+14, 7.6964e+13, 0.503723, 1322.11, 550.402, 0.0768069865855
2.1565e+14, 6.9343e+13, 0.553023, 1212.48, 208.706, 0.0942932352996
7.3271e+13, 3.3636e+14, 0.446374, 1323.96, 716.499, 0.167735920788
5.869e+14, 6.4827e+13, 0.236652, -804.075, 366.627, 0.0541509550107
7.8422e+13, 2.3376e+14, 0.498322, 1370.63, 436.257, 0.166431073924
3.0169e+14, 6.5344e+13, 0.225579, 1008.76, 1287.11, 0.171449712439
5.8887e+14, 7.7529e+13, 0.221822, 1778.36, 668.66, 0.0958619586118
2.3037e+14, 8.9925e+13, 0.169405, 544.958, 1559.58, 0.159922919881
7.3059e+13, 3.199e+14, 0.469734, 1281.98, 601.708, 0.155040080282
1.0162e+14, 1.8818e+14, 0.21523, 595.626, 1184.64, 0.166996037918
7.4071e+13, 4.1627e+14, 0.426287, 1569.86, 1123.57, 0.205472141556
3.0877e+14, 7.8469e+13, 0.211717, 494.65, 2013.91, 0.205605961296
2.0829e+14, 7.9646e+13, 0.410318, 391.577, 1203.15, 0.364303532631
8.5714e+13, 3.6598e+14, 0.0659848, 1303.43, 164.323, 0.00825335342449
1.2356e+14, 2.5138e+14, 0.26356, 2038.34, 308.973, 0.0806186120597
7.1766e+13, 4.3064e+14, 0.420905, 953.619, 1088.86, 0.295815913523
6.0193e+13, 1.8517e+14, 0.621603, 1188.78, 100.155, 0.0579153331527
1.3137e+14, 1.7825e+14, 0.737536, -590.306, 129.672, 0.259560389919
8.2304e+13, 2.6434e+14, 0.322312, 1398.49, 751.496, 0.114722475454
2.7751e+14, 9.8322e+13, 0.114726, 904.925, 1162.16, 0.0905206024263
8.0492e+13, 4.1726e+14, 0.230106, 402.48, 1820.7, 0.224681762485
6.7649e+13, 2.2438e+14, 0.0316228, 1241.78, 978.631, 0.0195736672061
7.146e+13, 3.3749e+14, 0.173507, 800.668, 1766.55, 0.158032686273
1.0738e+14, 4.9432e+14, 0.369535, 2030.15, 251.59, 0.05159037663
9.7499e+13, 6.5297e+14, 0.239742, -748.84, 1534.8, 0.177073918801
6.5368e+13, 3.3112e+14, 0.0714563, 282.4, 1721.91, 0.0705142711542
3.027e+14, 7.4965e+13, 0.415708, 1308.16, 335.969, 0.0368860199114
7.4238e+14, 1.3403e+14, 0.696923, 1776.41, 389.741, 0.0687384336761
2.7987e+14, 1.1394e+14, 0.480384, 930.51, 1443.02, 0.373954027027
1.7411e+14, 1.0187e+14, 0.810386, 883.263, 591.686, 0.331677614164
2.0758e+14, 1.1822e+14, 0.168452, 1148.65, 524.495, 0.0796414897839
1.0743e+14, 2.5888e+14, 0.814263, 1340.84, 748.767, 0.173782986244
1.7402e+14, 4.3972e+14, 0.788655, 1265.52, 183.513, 0.144595661623
4.4631e+14, 7.1483e+13, 0.562483, 2059.87, 887.734, 0.189747450025
7.1001e+14, 1.425e+14, 0.736142, 1746.77, 700.986, 0.206396245128
2.4218e+14, 8.315e+13, 0.537034, 1261.6, 1409.67, 0.386482865059
8.0939e+13, 2.9925e+14, 0.622495, 1364.98, 930.46, 0.247652578388
6.2427e+13, 4.1265e+14, 0.236831, 1262.56, 394.07, 0.0705624582365
2.053e+14, 6.5862e+13, 0.299712, 1308.57, 236.348, 0.0269192872322
1.0289e+14, 2.2576e+14, 0.337883, 1297.54, 910.857, 0.145770546475
3.4796e+14, 2.3541e+14, 0.429833, 1107.66, 454.224, 0.264991063191
3.648e+14, 6.2851e+13, 0.540734, 1307.39, 399.629, 0.0870023325709
8.2139e+13, 4.8131e+14, 0.312973, 1914.28, 615.316, 0.0957742638148
2.7897e+14, 7.7246e+13, 0.293811, 1484.46, 981.181, 0.157244837801
2.1864e+14, 6.2992e+13, 0.153512, 752.848, 1412.34, 0.135467692296
1.0997e+14, 5.8753e+14, 0.0671118, -970.534, 927.17, 0.034191042523
5.3117e+14, 1.1095e+14, 0.495879, 1675.27, 968.279, 0.129627371196
4.7051e+14, 8.1692e+13, 0.689388, 1508.3, 771.624, 0.258956575117
2.8276e+14, 9.637e+13, 0.277505, 1472.38, 519.73, 0.067251023294
2.5766e+14, 7.0707e+13, 0.494438, 1413.76, 409.956, 0.163717443993
7.2095e+13, 2.4508e+14, 0.301372, -1250.99, 400.382, 0.224000681725
2.6448e+14, 6.7061e+13, 0.155502, 1584.18, 314.909, 0.030318042858
1.9587e+14, 7.2448e+13, 0.331622, 1395.7, 117.381, 0.00993693888817
9.8322e+13, 3.9653e+14, 0.656199, 1148.64, 135.638, 0.0826667429383
2.1318e+14, 6.3274e+13, 0.097591, -369.198, 664.124, 0.209587854742
1.8371e+14, 8.9478e+13, 0.13783, 1013.34, 639.203, 0.103285729873
6.1141e+14, 6.7014e+13, 0.779461, -927.781, 420.837, 0.338232724114
6.5697e+13, 3.8811e+14, 1.30824, 594.91, 415.704, 0.414992127773
1.5113e+14, 4.8766e+14, 0.299595, 1094.07, 2334.37, 0.271278380322
7.8187e+13, 2.777e+14, 0.261509, 1252.26, 610.687, 0.122707486912
6.2051e+13, 2.8579e+14, 0.478282, 1418.63, 364.027, 0.141901490488
2.8455e+14, 1.2222e+14, 0.243056, 1571.49, 295.642, 0.0336587950839
4.9062e+14, 1.782e+14, 0.85604, 526.17, 505.325, 0.195726222018
4.4934e+14, 9.7405e+13, 0.39493, 1157.07, 963.438, 0.2576546072
6.4403e+13, 2.3103e+14, 0.268777, 1304.84, 381.762, 0.0725086117576
9.3712e+13, 2.3214e+14, 0.440931, 1634.23, 1024.87, 0.18612047882
1.6959e+14, 6.2874e+13, 0.183418, 951.718, 149.234, 0.0175484700001
5.217e+14, 8.3362e+13, 0.570513, 1623.26, 171.57, 0.00721593502431
8.101e+13, 3.2618e+14, 0.432857, 1445.01, 360.394, 0.123433043916
8.0445e+13, 3.3079e+14, 0.465612, 846.678, 925.479, 0.256259524064
6.0216e+13, 4.0244e+14, 0.64253, 1474.86, 391.758, 0.143584945908
7.6917e+13, 2.7199e+14, 0.357553, 1205.55, 78.9386, 0.0143875405924
9.8675e+13, 2.6839e+14, 0.655173, 987.152, 1198.85, 0.378176788693
2.2741e+14, 1.05355e+14, 0.736678, 300.996, 221.86, 0.218963874955
8.6185e+13, 2.2609e+14, 0.275362, 699.438, 1473.81, 0.253407216451
5.546e+14, 6.3298e+13, 1.29328, 1647.19, 791.408, 0.288484878628
5.4889e+14, 2.399e+14, 0.946499, 1873.86, 341.588, 0.0866071210536
6.2639e+13, 1.0152e+15, 1.39711, 61.4116, 587.848, 0.325699997882
2.1255e+14, 6.7861e+13, 0.267507, 1293.65, 431.358, 0.0660018370746
8.0986e+13, 3.1785e+14, 0.328079, 1641.98, 378.169, 0.0431489988565
1.1058e+14, 3.2472e+14, 0.815427, -626.56, 1921.54, 0.152629630292
7.7714e+14, 9.437e+13, 1.50914, 980.665, 757.106, 0.254748689294
7.6799e+13, 2.705e+14, 0.222791, 1210.24, 123.967, 0.0401094828221
9.5617e+13, 2.53e+14, 0.245422, 1595.99, 147.798, 0.0397619416523
1.2836e+14, 1.8796e+14, 0.311769, 1025.73, 534.006, 0.164906425766
1.70525e+14, 4.0413e+14, 0.641526, 69.9556, 223.944, 0.0726293404986
8.9313e+13, 2.6455e+14, 0.12052, 1316.0, 709.03, 0.0571644231106
8.3903e+13, 2.9988e+14, 0.720704, 693.359, 1131.74, 0.479902012021
6.5132e+13, 5.0871e+14, 0.348947, -929.701, 422.63, 0.2678623244
1.9573e+14, 3.6516e+14, 0.156844, 1247.07, 815.891, 0.0993194034838
3.7652e+14, 9.1971e+13, 0.318255, 1538.3, 1180.55, 0.137543327758
2.9765e+14, 1.7336e+14, 0.165578, 968.329, 445.505, 0.0692054187502
3.3846e+14, 1.253e+14, 0.0554346, 678.992, 976.162, 0.0455082390028
3.9849e+14, 7.1295e+13, 0.622315, 1067.99, 401.125, 0.0365464731496
6.2686e+13, 1.5336e+14, 0.431172, 1011.85, 1152.55, 0.298667557121
6.9225e+13, 1.4487e+14, 0.226429, 485.504, 1261.44, 0.211317716634
1.3375e+14, 8.272e+14, 0.260135, 2264.03, 1376.22, 0.165695655227
3.5643e+14, 8.2986e+13, 0.524471, 1439.85, 936.282, 0.230326610275
7.3852e+14, 2.1429e+14, 0.0529528, -1480.92, 378.573, 0.0222210910464
6.1228e+13, 1.5581e+14, 0.177045, 943.161, 1296.36, 0.143164095957
2.0692e+14, 7.1295e+13, 0.169115, 1284.97, 870.702, 0.117732544254
6.8614e+13, 5.8212e+14, 0.849344, 1039.5, 165.803, 0.0786534362676
2.9052e+14, 7.9787e+13, 0.512894, 1356.11, 791.492, 0.167232491854
6.1839e+13, 1.5021e+14, 0.211618, 311.852, 1373.02, 0.206362093954
2.0031e+14, 1.1792e+14, 0.383583, 1541.38, 335.614, 0.0947377666561
3.1011e+14, 1.1434e+14, 0.380358, 1076.29, 1472.85, 0.278235790732
2.5039e+14, 8.7667e+13, 0.440778, 1399.91, 691.813, 0.15720083987
3.6137e+14, 7.0448e+13, 0.359536, 1595.91, 203.727, 0.0561254822171
2.1607e+14, 1.0404e+14, 0.233472, 1142.75, 813.53, 0.179992211291
3.1727e+14, 7.6258e+13, 0.507271, 1253.08, 606.017, 0.173094944074
8.1057e+13, 1.5995e+14, 0.498514, 1142.81, 371.998, 0.332699551263
9.6346e+13, 4.2803e+14, 0.369136, 1831.73, 269.639, 0.0472517076224
2.4263e+14, 1.1846e+14, 0.268283, 1237.62, 556.451, 0.0949148169574
7.0919e+13, 3.5619e+14, 0.53815, 1490.1, 229.962, 0.0514506727869
1.6461e+14, 6.1016e+13, 0.698355, 583.182, 629.901, 0.355306467473
6.2333e+13, 4.3786e+14, 1.10337, 1160.53, 311.331, 0.0929716097867
1.2723e+14, 2.9798e+14, 0.113004, 1167.47, 735.548, 0.0602378437453
2.8941e+14, 6.4333e+13, 0.368115, 1068.0, 1291.0, 0.23885840561
6.4286e+13, 2.0514e+14, 0.321677, 1310.21, 1061.35, 0.175770323731
3.9195e+14, 8.2115e+13, 0.249399, -1389.02, 175.58, 0.142281426479
1.4017e+14, 7.3789e+13, 0.11533, 1294.38, 250.633, 0.00896711150406
1.905e+14, 6.3768e+13, 0.462569, 1417.82, 1588.29, 0.314178084584
6.4756e+13, 1.6973e+14, 0.190297, 231.661, 1728.46, 0.188610502407
8.3574e+13, 3.9573e+14, 0.216566, 1015.31, 702.444, 0.122051834199
2.0657e+14, 8.8066e+13, 0.429931, 121.11, 1516.22, 0.428566001376
2.0429e+14, 9.1101e+13, 0.0359166, 375.803, 1382.89, 0.0346596034114
6.2075e+13, 1.5833e+14, 0.0404104, 267.075, 904.726, 0.0387569702347
1.2504e+14, 2.2249e+14, 0.837869, 347.433, 438.971, 0.266298613616
7.52e+13, 2.2186e+14, 0.136942, 1321.56, 110.518, 0.0493013957088
8.1245e+13, 2.9951e+14, 0.137681, 1377.66, 668.113, 0.0600779765634
1.2775e+14, 2.909e+14, 0.404199, 1551.86, 182.141, 0.0687064011993
2.3296e+14, 1.3142e+14, 0.056116, 636.541, 587.764, 0.0380689295806
7.393e+13, 4.0985e+14, 0.821367, 1241.39, 199.93, 0.0839593757806
7.1178e+13, 2.9802e+14, 1.25845, 46.6914, 401.892, 0.0923997869311
5.1603e+14, 1.802e+14, 0.277793, 1483.41, 1152.56, 0.181762891872
5.1927e+14, 1.6101e+14, 0.26142, 1696.5, 1241.0, 0.144530229694
7.9481e+13, 3.5716e+14, 0.448964, 1277.44, 250.946, 0.0482099149874
1.4781e+14, 6.1839e+13, 0.526935, 1349.04, 163.454, 0.0844746811905
3.2039e+14, 7.1225e+13, 0.133075, 1057.16, 84.1722, 0.025050354991
2.2946e+14, 7.4236e+13, 0.554307, 1776.16, 864.262, 0.0773001549301
6.3392e+13, 5.4851e+14, 0.345607, 462.487, 2418.41, 0.339455587205
4.6936e+14, 1.3419e+14, 0.331337, 1473.9, 1563.7, 0.213455775668
2.5074e+14, 6.986e+13, 0.4161, 45.556, 1874.2, 0.366353908858
8.1791e+14, 7.1695e+13, 0.240824, 2437.94, 1590.09, 0.131561887749
9.5053e+13, 2.5667e+14, 0.243616, 1424.75, 723.125, 0.0912835274329
6.7814e+13, 2.0666e+14, 0.370742, 1128.76, 1395.01, 0.255255494111
6.3368e+13, 2.0624e+14, 0.832412, 1091.19, 574.449, 0.208246259283
1.047e+14, 3.0346e+14, 0.0485901, 190.736, 1458.62, 0.0481799220045
3.795e+14, 1.0554e+14, 0.426011, 1667.05, 411.099, 0.110938652828
4.9095e+14, 9.6511e+13, 0.771869, 1293.06, 269.49, 0.0425537128198
7.066e+13, 1.6023e+14, 0.293864, 1351.03, 201.93, 0.0708912457903
7.0072e+13, 1.7453e+14, 0.104595, 1080.02, 821.168, 0.0633059232792
1.9472e+14, 7.4941e+13, 0.224089, 1207.8, 1145.03, 0.1524169533
7.3318e+13, 4.9055e+14, 0.112805, 1215.48, 1409.35, 0.0854239485532
1.5247e+14, 6.4874e+13, 0.426282, -224.347, 1576.62, 0.440609138477
6.6694e+14, 6.2051e+13, 0.68203, 1941.8, 741.666, 0.170142559468
7.226e+13, 1.8959e+14, 0.205254, 986.122, 1100.33, 0.164916517909
9.1383e+13, 5.7848e+14, 0.175798, -1150.0, 780.483, 0.266671059635
1.2429e+14, 3.116e+14, 0.689882, 2195.88, 1015.17, 0.0895691496563
4.8434e+14, 1.3579e+14, 1.0242, 1510.71, 403.72, 0.125589409874
3.6553e+14, 1.3946e+14, 0.531527, 1535.71, 1033.34, 0.263501227674
1.1401e+14, 5.0895e+14, 0.662894, 1560.19, 1115.52, 0.277895688607
7.8587e+13, 2.1915e+14, 0.440704, 171.059, 1705.54, 0.438503995748
2.563e+14, 7.7152e+13, 0.569154, 1640.64, 263.682, 0.0711655762994
2.1824e+14, 6.0922e+13, 0.139068, 1652.19, 549.069, 0.0438577374976
1.7479e+14, 6.1228e+13, 0.0833847, 385.74, 1168.99, 0.0791850382266
1.3585e+15, 1.0465e+14, 1.12331, 2528.25, 769.305, 0.273692636792
1.4224e+14, 8.021e+13, 0.224179, 60.6363, 1179.17, 0.223883187031
6.0522e+13, 1.9589e+14, 0.734809, 137.214, 782.342, 0.452595730568
1.6136e+14, 6.278e+13, 0.208435, 464.521, 983.159, 0.206988964234
1.0152e+14, 2.9003e+14, 0.298592, 1094.11, 1274.98, 0.239414191189
1.05e+14, 2.5244e+14, 0.326265, 656.103, 1139.54, 0.277135367796
8.148e+13, 2.7521e+14, 0.357487, 1600.88, 511.615, 0.0941563211837
9.7028e+13, 3.4001e+14, 0.305719, -1239.8, 288.222, 0.125136638886
2.0158e+14, 6.8543e+13, 0.346065, 1245.69, 111.501, 0.0593549302906
1.6381e+14, 6.9766e+13, 0.359402, 1049.63, 703.735, 0.226771376269
6.2733e+13, 3.7061e+14, 0.737835, 907.898, 1326.55, 0.462002016871
2.4588e+14, 7.0919e+13, 0.300867, 1399.14, 1053.13, 0.151876257853
1.4699e+14, 4.7639e+14, 0.184716, 1441.29, 810.981, 0.0933425512277
1.7682e+14, 8.4792e+14, 0.721826, 1672.47, 278.809, 0.0585379790371
6.5603e+13, 4.3485e+14, 0.466178, 1477.07, 293.746, 0.112831576382
2.6648e+14, 7.7693e+13, 0.568683, 1444.75, 375.287, 0.162667937454
4.1323e+14, 7.5835e+13, 0.184459, -513.577, 928.746, 0.366635741881
2.6886e+14, 6.0122e+13, 0.338055, 1497.38, 608.384, 0.155898832172
9.4888e+13, 3.8477e+14, 0.181934, 1690.9, 334.9, 0.047282754279
3.0976e+14, 7.7482e+13, 0.473286, 1529.22, 102.598, 0.0194377040346
6.3157e+13, 6.1933e+14, 0.152069, 1672.39, 122.923, 0.0111472132184
1.2643e+14, 8.0845e+13, 0.778152, 544.349, 680.499, 0.323737476243
3.787e+14, 6.7014e+13, 0.667455, 739.031, 49.3608, 0.0882479671479
2.0332e+14, 9.5005e+13, 0.0877496, 1155.89, 303.441, 0.0222808244948
1.4915e+14, 7.3271e+13, 0.466275, 439.702, 1693.23, 0.451354411794
2.0123e+14, 6.5462e+13, 0.3823, 1004.03, 97.7238, 0.0672627759105
6.2451e+13, 2.2565e+14, 0.253772, 1492.01, 95.7701, 0.0162558267208
7.1084e+13, 1.6983e+14, 0.47927, 1242.99, 220.563, 0.078131323667
1.8747e+14, 3.346e+14, 0.380789, 280.45, 1602.0, 0.375084790255
2.4143e+14, 6.5909e+13, 0.170731, 1140.57, 310.445, 0.0419249948504
1.0319e+14, 2.0996e+14, 0.236138, 1275.53, 272.243, 0.108403614817
2.3195e+14, 7.6541e+13, 0.562335, 1327.3, 172.959, 0.0331875992083
3.0388e+14, 8.3033e+13, 0.395538, 1724.43, 881.716, 0.192523250562
6.8755e+13, 2.7808e+14, 0.431605, 1452.77, 269.534, 0.0662594771324
2.5291e+14, 7.3906e+13, 0.579828, 1242.03, 279.954, 0.22835696743
2.1205e+14, 8.2351e+13, 0.119168, 625.018, 985.418, 0.100632911823
1.6026e+14, 5.8389e+14, 0.368288, 1856.82, 1416.8, 0.223405905411
6.191e+13, 3.3538e+14, 0.437541, 1642.63, 292.309, 0.101393277942
1.703e+14, 6.645e+13, 0.670522, 885.391, 905.777, 0.340992138407
1.0091e+14, 2.3809e+14, 0.476278, 1749.0, 314.411, 0.098085959111
2.2739e+14, 3.4984e+14, 0.259501, 1362.81, 991.461, 0.13855912797
9.9969e+13, 8.0883e+14, 0.623478, 2417.81, 180.648, 0.0523071285804
8.0187e+13, 5.3915e+14, 0.422305, 1960.38, 864.066, 0.197340159171
3.1762e+14, 9.3288e+13, 0.03, 1418.43, 25.4825, 0.000538871613075
4.3819e+14, 1.5341e+14, 0.908881, 1698.73, 874.764, 0.324064005623
4.8721e+14, 8.6655e+13, 0.436362, 1739.1, 328.835, 0.0824579270894
9.6158e+13, 1.9603e+14, 0.443063, 1453.98, 560.662, 0.134870252619
1.9229e+14, 6.9578e+13, 0.143527, 1459.31, 601.325, 0.0546815147833
3.6913e+14, 1.1636e+14, 0.394588, 1603.77, 255.212, 0.0239517606648
3.3557e+14, 1.2533e+14, 0.151327, 264.615, 1890.34, 0.149865800355
6.0993e+13, 2.1614e+14, 0.800875, 1064.04, 504.115, 0.227514697277
7.1342e+13, 2.2391e+14, 0.188149, 666.742, 1016.98, 0.172323932957
3.2736e+14, 1.1326e+14, 0.329545, 1508.42, 1105.89, 0.161071519902
9.2089e+13, 3.7054e+14, 0.352695, 1552.96, 72.5051, 0.0136403828827
6.104e+13, 1.5854e+14, 0.20664, 1359.65, 289.276, 0.0649848667525
9.3853e+13, 3.4914e+14, 0.115382, 1020.72, 1238.16, 0.0890294821168
1.1427e+14, 2.3346e+14, 0.126079, 852.342, 669.551, 0.102423217591
5.3299e+14, 1.5979e+14, 0.111736, 1548.46, 1777.51, 0.0842508744891
7.0566e+13, 4.1396e+14, 0.571839, -1283.46, 157.914, 0.112210822622
8.28545e+13, 3.0948e+14, 0.267955, 1879.28, 325.322, 0.0349850695587
1.4642e+14, 3.9202e+14, 0.429418, 1879.96, 106.867, 0.0501680420218
1.2657e+14, 2.4152e+14, 0.350571, 812.737, 1544.98, 0.289839555063
1.6049e+14, 3.4281e+14, 0.787266, 819.734, 419.475, 0.243191665622
8.348e+13, 2.4256e+14, 0.584907, 1555.09, 245.363, 0.0220886006709
7.4071e+13, 2.2635e+14, 0.0716659, 1278.94, 416.962, 0.0222138769892
6.4427e+13, 1.8016e+14, 0.283591, 1335.25, 366.15, 0.150758167118
9.9004e+13, 2.0984e+14, 0.280007, 1366.15, 338.54, 0.0542616734328
6.2145e+13, 4.0517e+14, 0.781921, -1052.44, 191.613, 0.067341730555
6.7955e+13, 3.4523e+14, 0.434626, 1416.8, 1202.9, 0.282853831014
3.2919e+14, 6.5438e+13, 0.580328, 817.843, 1551.8, 0.45142014644
8.5926e+13, 5.7309e+14, 0.557337, 1595.68, 1098.36, 0.240016514285
7.0237e+13, 4.2549e+14, 0.412553, 1914.13, 1830.83, 0.111592046133
6.892e+13, 1.3403e+14, 0.497393, 847.584, 921.25, 0.301082778987
3.8997e+14, 9.2277e+13, 0.575382, -1490.26, 111.245, 0.15243037159
3.4909e+14, 6.6191e+13, 0.702709, 1272.88, 559.251, 0.153133270587
2.2487e+14, 8.5408e+13, 0.383406, 1139.77, 50.8016, 0.0354823295598
1.4137e+14, 3.1348e+14, 0.554707, 481.406, 1640.86, 0.4552712068
9.437e+13, 3.5281e+14, 0.174482, -1191.22, 226.029, 0.12029116507
6.7861e+13, 2.4922e+14, 0.461411, 1563.39, 160.079, 0.0711005000471
9.5758e+13, 5.2652e+14, 0.418569, 2230.12, 734.942, 0.131009710148
4.3516e+14, 6.9955e+13, 1.23434, 958.113, 619.341, 0.352871603621
3.1138e+14, 1.3727e+14, 0.50204, 1177.62, 888.632, 0.172070884421
6.4074e+13, 2.192e+14, 0.320506, 1500.5, 697.991, 0.1294422554
9.063e+13, 2.8205e+14, 0.38092, 1304.39, 769.7, 0.160127499289
7.9787e+13, 8.5451e+14, 0.506112, 1628.19, 2642.9, 0.432797971338
8.8419e+13, 1.8749e+14, 0.429535, 1186.4, 549.809, 0.129252853919
1.6621e+14, 6.7955e+13, 0.295095, 1211.84, 194.331, 0.0432645943232
7.5859e+13, 3.0931e+14, 0.141821, 1543.05, 665.115, 0.0561374293307
7.2824e+13, 1.7533e+14, 0.083666, -700.546, 1326.1, 0.0569694732643
6.3157e+13, 1.5929e+14, 0.510784, 966.32, 1095.66, 0.335304388576
3.0383e+14, 1.3506e+14, 0.112089, 263.074, 1642.78, 0.11067882294
3.0903e+14, 8.1151e+13, 0.274955, 1659.7, 591.777, 0.088671621974
1.9902e+14, 9.7812e+14, 0.688469, 2085.53, 966.287, 0.227990100386
6.7414e+13, 1.799e+14, 0.231084, 1205.65, 395.121, 0.0417516852406
3.3589e+14, 6.5509e+13, 0.696635, 946.716, 177.263, 0.0979813944083
8.6208e+13, 3.219e+14, 0.0816823, -856.988, 261.453, 0.099589562346
1.7004e+14, 6.1016e+13, 0.365865, 309.532, 1836.03, 0.360773997428
6.9625e+13, 2.3336e+14, 0.552414, 1348.81, 896.219, 0.281425329593
3.2303e+14, 6.7649e+13, 0.296731, 1961.62, 804.211, 0.112559503969
9.9004e+13, 7.1145e+14, 0.365684, 2379.82, 1117.94, 0.16485393286
2.0095e+14, 6.5673e+13, 0.440114, 1838.06, 446.443, 0.103878252097
6.6638e+13, 1.9928e+14, 0.523546, 1408.58, 299.486, 0.134568086428
4.9551e+14, 6.8379e+13, 0.970363, -13.3555, 639.581, 0.487255344385
6.0287e+13, 1.4546e+14, 0.325025, 238.72, 973.106, 0.317487200335
1.9241e+14, 1.4471e+14, 0.203787, 1183.71, 370.064, 0.0133394969844
3.2018e+14, 1.1794e+14, 0.118895, 1536.78, 122.857, 0.00947476400131
1.0411e+14, 6.6868e+14, 0.400031, -897.767, 226.746, 0.169195159716
2.7097e+14, 8.5103e+13, 0.116619, 678.568, 1427.09, 0.10531928247
6.2192e+13, 1.4598e+14, 0.362494, 267.08, 1377.62, 0.31516045989
3.9578e+14, 7.0354e+13, 0.57759, 1036.65, 196.691, 0.0757498998069
8.2045e+13, 2.4249e+14, 0.330303, 1326.17, 677.663, 0.159611944549
5.4955e+14, 7.2307e+13, 0.675921, 1579.27, 91.4966, 0.0916315827629
7.0637e+13, 4.8023e+14, 0.286007, 1880.81, 606.516, 0.0706202116296
5.6728e+14, 8.4562e+13, 0.502494, 1584.41, 286.903, 0.0640272087396
1.1526e+14, 3.5041e+14, 0.333467, 1832.94, 321.692, 0.0324815550112
1.2109e+14, 7.1413e+13, 0.132272, 896.77, 336.238, 0.0488282877921
1.7597e+14, 3.6732e+14, 0.110145, 1260.23, 717.588, 0.0545015350422
1.0644e+14, 2.5949e+14, 0.355668, 1201.58, 397.371, 0.0809551141498
8.2209e+13, 2.1739e+14, 0.486918, 1501.41, 633.642, 0.194944334459
3.047e+14, 7.4259e+13, 0.372827, 1446.31, 100.649, 0.0215777034269
1.0794e+14, 2.9574e+14, 0.274911, 90.6266, 2174.55, 0.274672565328
3.7033e+14, 9.1595e+13, 0.770257, 1315.31, 173.245, 0.0692621793176
6.2357e+13, 1.4758e+14, 0.408044, 790.652, 1094.44, 0.288381453436
7.341e+14, 2.6152e+14, 0.972428, 1562.57, 602.273, 0.427657132178
7.2236e+13, 1.7103e+14, 0.236652, 1778.41, 1017.25, 0.117500704894
3.1397e+14, 6.0475e+13, 0.482829, 1319.25, 543.678, 0.117352217915
1.9606e+14, 7.6964e+13, 0.645446, 731.998, 606.201, 0.33006811086
4.9105e+14, 7.6e+13, 0.8642, 1048.06, 767.693, 0.305350670167
3.1889e+14, 8.9878e+13, 0.174642, 873.326, 1679.71, 0.154949968247
8.0586e+13, 4.1396e+14, 0.692052, 1794.86, 343.391, 0.0722622255311
7.9646e+13, 5.555e+14, 0.628172, 2406.32, 663.836, 0.124028817767
4.2001e+14, 1.8197e+14, 0.0980255, 1465.16, 168.083, 0.0111721985594
8.7949e+13, 2.1243e+14, 0.349571, 668.057, 1605.66, 0.322749960514
6.5321e+13, 6.1684e+14, 0.774197, -1379.83, 200.907, 0.0648660014005
6.8967e+13, 2.0427e+14, 0.240948, 1653.48, 370.184, 0.0430296813294
1.8547e+14, 6.0616e+13, 0.331137, 1337.68, 481.184, 0.0986766141759
1.412e+14, 4.7569e+14, 0.155563, 1683.24, 590.862, 0.0515245226831
5.1207e+14, 1.0117e+14, 0.522781, 2116.75, 513.223, 0.166470831487
1.8208e+14, 6.0993e+14, 0.240416, 1727.24, 844.605, 0.119735631811
8.9948e+13, 2.8351e+14, 0.331748, 1071.1, 750.996, 0.111243331
4.2942e+14, 1.4746e+14, 0.0829518, 1508.93, 1042.33, 0.0471462175119
1.4323e+14, 3.0967e+14, 0.591304, 1470.17, 117.157, 0.0515564152444
7.1977e+13, 3.0414e+14, 0.612369, 1202.21, 206.774, 0.027109850507
6.9228e+14, 1.173e+14, 0.261916, -1033.17, 118.935, 0.311520073932
7.8446e+13, 3.6062e+14, 0.41761, 1044.49, 1522.14, 0.297557340006
2.5637e+14, 6.6167e+13, 0.139284, 1448.97, 545.416, 0.0689371073745
2.7855e+14, 9.3994e+13, 0.0969536, 916.523, 671.878, 0.0774568557177
9.4323e+13, 3.4058e+14, 0.188149, 351.243, 1815.43, 0.184723374838
9.9875e+13, 3.1868e+14, 0.43493, 1517.62, 771.493, 0.162646619939
8.4138e+13, 2.2743e+14, 0.333766, 1187.03, 1643.28, 0.274581788811
5.8034e+14, 9.1736e+13, 0.496315, 1770.59, 458.556, 0.138113846161
1.9326e+14, 8.6161e+13, 0.260566, 1428.95, 292.182, 0.0704954939641
8.522e+13, 3.0226e+14, 0.183872, 1250.53, 869.769, 0.11493935931
9.6346e+13, 1.8999e+14, 0.401452, 308.368, 1210.5, 0.401085555213
3.5784e+14, 7.5012e+13, 0.931719, 1019.0, 480.211, 0.115827799608
6.9014e+13, 2.6881e+14, 0.122131, -1014.41, 369.475, 0.0114001327284
2.1734e+14, 1.0799e+14, 0.661513, 1272.9, 486.089, 0.253187186842
6.4521e+13, 5.0951e+14, 0.128098, -1129.44, 684.422, 0.0531767487314
2.8878e+14, 8.8866e+13, 0.0877496, -694.614, 352.629, 0.260717905497
7.2942e+13, 2.0857e+14, 0.499525, 1251.92, 478.162, 0.103389728356
1.5282e+14, 6.6544e+13, 0.098453, 1071.83, 522.095, 0.0431141585502
7.5882e+13, 2.0826e+14, 0.264008, 390.154, 1821.05, 0.230717025501
4.0434e+14, 7.00005e+13, 0.0921954, -321.079, 1012.37, 0.249971896859
1.5734e+14, 6.4568e+13, 0.199972, 1203.91, 567.133, 0.0871511086153
8.6459e+13, 1.6736e+14, 0.223607, 787.396, 1104.04, 0.172066815616
1.982e+14, 8.1763e+13, 0.388973, 1659.0, 307.161, 0.134808352881
8.515e+13, 1.9949e+14, 0.104312, 1254.77, 955.663, 0.0632028396716
7.1319e+13, 1.611e+14, 0.195816, 1292.94, 661.591, 0.0666261805007
8.0492e+13, 3.5217e+14, 0.537773, 674.795, 1631.22, 0.490040344767
1.1469e+14, 3.5906e+14, 0.27085, 1929.42, 962.29, 0.105836741969
6.3862e+13, 3.274e+14, 0.577062, 1090.73, 82.7931, 0.0277435820235
6.5038e+13, 1.3297e+14, 0.230434, 886.278, 693.369, 0.103185878678
1.8194e+14, 7.7693e+13, 0.562228, 698.447, 1253.54, 0.360362012366
9.3923e+13, 4.0013e+14, 0.926641, 1661.87, 204.395, 0.0702779575411
6.9625e+13, 6.7473e+14, 0.75452, 2263.04, 685.28, 0.207051576082
6.0216e+13, 1.5614e+14, 0.252628, 746.109, 1253.53, 0.187922157125
2.4613e+14, 1.0782e+14, 0.253188, 921.348, 1675.04, 0.2327776588
7.3977e+13, 1.9434e+14, 0.218195, 1320.32, 493.572, 0.0699575703956
2.4458e+14, 9.1571e+13, 0.0744916, 1305.66, 166.778, 0.00943846900939
2.5879e+14, 6.0499e+13, 0.394973, 890.668, 922.139, 0.223225946931
2.4985e+14, 7.9646e+13, 1.14874, 1005.8, 540.335, 0.239193271332
2.0913e+14, 8.3197e+13, 0.126791, 1194.04, 337.956, 0.0345299439517
1.7663e+14, 6.6803e+13, 0.372156, 1134.4, 1191.55, 0.289476011442
4.2714e+14, 8.5244e+13, 0.788162, 1909.98, 685.819, 0.219886750178
7.7689e+14, 1.2652e+14, 0.581893, 2093.29, 65.7827, 0.121594038469
2.0394e+14, 7.6117e+13, 0.446616, 57.6419, 1676.19, 0.446352154686
6.819e+13, 6.12e+14, 0.876667, -790.038, 275.443, 0.242472737998
3.0595e+14, 7.6376e+13, 0.503686, 83.9018, 598.274, 0.489443854319
8.3997e+13, 6.3378e+14, 0.397962, 2115.39, 1532.33, 0.204947951697
6.6638e+13, 2.9887e+14, 0.470106, 1526.1, 788.753, 0.189289090995
4.1208e+14, 1.432e+14, 0.523665, 1321.4, 953.416, 0.314918044031
3.0487e+14, 1.5713e+14, 0.458681, 1072.3, 1206.37, 0.277592194245
6.0593e+13, 2.4329e+14, 0.519385, 1050.24, 877.237, 0.229509123833
7.3953e+13, 1.8404e+14, 0.115758, 532.829, 1489.21, 0.108991695682
6.7061e+13, 4.0728e+14, 0.529528, 1693.38, 803.422, 0.141659496156
5.3981e+14, 6.0428e+13, 0.530159, 1690.09, 731.717, 0.193711874878
1.8935e+14, 8.5997e+13, 0.184459, 636.771, 1509.65, 0.169958451126
3.4312e+14, 1.2714e+14, 0.280016, 1626.76, 244.916, 0.0479561008742
3.0087e+14, 9.3994e+13, 0.296311, 1662.27, 237.079, 0.0679169490173
3.024e+14, 8.889e+13, 0.228342, 605.949, 1683.83, 0.214853456674
2.2536e+14, 1.0521e+14, 0.404621, 1383.77, 765.941, 0.174711635666
6.4474e+13, 3.7515e+14, 0.328177, 1367.94, 1921.39, 0.249914751641
1.9142e+14, 7.0472e+13, 0.436078, 1931.03, 290.706, 0.0387664285192
2.1544e+14, 7.8375e+13, 0.410552, 1195.18, 182.212, 0.0398602446299
2.4581e+14, 1.038e+14, 0.284789, 1490.66, 167.819, 0.0931230656438
6.2122e+13, 1.2789e+14, 0.662495, 1144.67, 89.5307, 0.0353588093311
9.1571e+13, 2.6606e+14, 0.539815, 1447.4, 533.016, 0.186202079947
1.9399e+14, 4.655e+14, 0.645136, 743.539, 1479.67, 0.472009503296
1.2563e+14, 2.3576e+14, 0.335447, 1381.38, 808.333, 0.207414373887
6.1063e+13, 4.2368e+14, 0.0818841, 1197.47, 1680.39, 0.0666845073553
9.0983e+13, 5.0509e+14, 0.526521, 1991.35, 336.085, 0.0975472786185
1.9302e+14, 9.1218e+13, 0.551181, 817.758, 989.333, 0.408636440807
1.0042e+14, 1.8173e+14, 0.267021, 1149.62, 1023.68, 0.176686759594
1.3342e+14, 2.9334e+14, 0.165759, 1462.14, 388.247, 0.0392752783271
2.2776e+14, 7.2189e+13, 0.349344, 510.718, 1901.0, 0.337380571782
8.2703e+13, 6.1496e+14, 1.18851, -795.621, 498.626, 0.301375129907
6.6944e+13, 2.4065e+14, 0.635972, 1155.27, 725.182, 0.223058651057
1.6632e+14, 3.2244e+14, 0.590614, 797.085, 1431.01, 0.43240566227
2.6265e+14, 7.8093e+13, 0.106771, 1151.06, 553.059, 0.046240512747
7.27185e+13, 2.0107e+14, 0.211955, 1278.13, 388.982, 0.0855466012311
8.8607e+13, 1.806e+14, 0.390108, 1283.22, 1208.94, 0.228946009788
6.1228e+13, 2.1513e+14, 0.277669, 1548.73, 247.483, 0.0692350714541
2.1207e+14, 6.2569e+13, 0.334837, 1128.2, 404.164, 0.102668444498
2.1492e+14, 7.7317e+13, 0.198484, 1354.69, 130.196, 0.0840592274239
2.0979e+14, 6.7038e+13, 0.281569, 800.28, 1421.76, 0.230989870946
1.683e+14, 5.209e+14, 0.683093, 1843.49, 959.206, 0.425437377744
6.0028e+13, 2.6194e+14, 0.582155, 895.52, 869.043, 0.353216856915
2.2663e+14, 7.607e+13, 0.334516, 1335.38, 668.657, 0.154066649364
1.3259e+14, 2.2108e+14, 0.986781, 1318.21, 992.929, 0.410304420265
1.449e+14, 3.9094e+14, 0.345226, 1274.48, 1493.11, 0.255701057451
2.5352e+14, 6.645e+13, 0.0316228, 265.603, 1241.1, 0.0309226203844
2.0194e+14, 1.0451e+14, 0.401622, 1133.67, 555.316, 0.161455199345
1.0425e+14, 8.1191e+14, 0.641689, 2087.59, 310.678, 0.0768370957342
6.151e+13, 1.7044e+14, 0.403113, 1087.65, 155.213, 0.00586905683662
2.0906e+14, 7.3459e+13, 0.40025, 1397.38, 280.905, 0.11313174343
8.3809e+13, 2.4813e+14, 0.12083, 963.503, 466.379, 0.0526441805648
7.6211e+13, 4.4203e+14, 0.723738, 1837.88, 418.612, 0.166199241327
4.8324e+14, 7.1131e+13, 0.524558, 1718.98, 1538.6, 0.27869460512
3.5963e+14, 6.8002e+13, 0.269526, 1588.26, 1009.55, 0.125020053506
2.4159e+14, 6.7367e+13, 0.438772, 1167.55, 1026.79, 0.27385798224
4.2427e+14, 1.1615e+14, 0.254951, 2043.72, 554.44, 0.0804119966305
1.9568e+14, 4.0935e+14, 0.0953992, 145.0, 1537.61, 0.0949778204185
6.8872e+13, 1.7597e+14, 0.401622, 660.174, 1216.66, 0.391732548702
8.1716e+13, 5.785e+14, 1.20706, -865.861, 315.921, 0.205941788051
5.0782e+14, 1.441e+14, 0.193907, 1387.85, 1220.36, 0.110926453387
1.3549e+14, 1.8241e+14, 0.228254, 1031.78, 109.459, 0.0416202905769
8.8184e+13, 3.0261e+14, 0.534135, 1917.09, 548.434, 0.199398459787
7.2095e+13, 3.0209e+14, 0.380301, 1648.94, 324.899, 0.035127971756
3.2317e+14, 7.6682e+13, 0.969175, 706.225, 665.388, 0.315797618577
2.2205e+14, 8.9266e+13, 0.12083, 1171.53, 327.734, 0.0325522675124
1.4417e+14, 3.8778e+14, 0.385025, 998.926, 1549.58, 0.220689776251
1.0399e+14, 3.4309e+14, 0.323419, 1234.6, 264.81, 0.049344562091
6.0875e+13, 3.1562e+14, 0.0857479, 793.498, 895.861, 0.0641891135184
7.7764e+13, 4.6703e+14, 0.357884, -1412.25, 186.255, 0.142895583737
2.1664e+14, 6.5156e+13, 0.209067, 1321.55, 493.425, 0.0737927043794
9.3147e+13, 2.9758e+14, 0.419434, 1262.12, 1376.77, 0.321309667453
7.7858e+13, 1.9749e+14, 0.269742, 524.191, 1574.03, 0.25592340985
2.5218e+14, 6.7908e+13, 0.501717, 1348.3, 594.116, 0.102625448768
7.1248e+13, 6.6756e+14, 0.95483, 1278.28, 809.608, 0.308484664274
5.9174e+14, 8.6443e+13, 0.647124, 1772.72, 1738.68, 0.377358810191
1.8267e+14, 6.5438e+13, 0.2809, 720.392, 1202.29, 0.238011785725
7.266e+13, 2.3578e+14, 0.225024, 1166.68, 627.159, 0.0789831403978
6.3886e+13, 4.3953e+14, 0.0580172, -497.54, 1042.44, 0.0412333502953
1.1975e+14, 2.6147e+14, 0.383275, 1444.83, 999.967, 0.229262726957
8.2139e+13, 2.3237e+14, 0.340588, 216.879, 1677.44, 0.337776508462
7.5506e+13, 2.2325e+14, 0.384631, 1715.01, 936.146, 0.163908423923
1.9199e+14, 4.214e+14, 0.406356, 1706.81, 1138.8, 0.199499412353
6.7767e+13, 3.0024e+14, 0.803896, 1611.62, 49.3367, 0.110881160847
6.1651e+13, 4.0637e+14, 0.367015, -1195.47, 347.672, 0.110648548101
8.1692e+13, 1.5442e+14, 0.300998, 1339.58, 236.164, 0.0588746041425
5.1984e+14, 1.2575e+14, 0.448987, -979.757, 301.475, 0.0501287944292
2.0838e+14, 7.2918e+13, 0.123859, 842.439, 1157.73, 0.10015057653
7.0025e+13, 2.4326e+14, 0.539182, 724.633, 293.284, 0.0831648377976
6.3531e+14, 1.5212e+14, 0.491085, 626.324, 2627.17, 0.457834109295
4.389e+14, 7.1178e+13, 0.261819, 2000.94, 1374.3, 0.153882850233
6.772e+13, 2.3626e+14, 0.0474236, 596.277, 1226.46, 0.0426501514797
6.1583e+14, 1.2794e+14, 0.410488, 162.324, 2357.87, 0.409518705292
7.266e+13, 1.9029e+14, 0.160312, 1180.58, 722.205, 0.0958049499196
6.8164e+14, 1.0634e+14, 0.558301, 2191.84, 248.309, 0.0708871810831
2.7497e+14, 1.0133e+14, 0.449917, 638.789, 1773.84, 0.408065013784
7.5906e+13, 4.0775e+14, 0.45, -1400.74, 342.594, 0.0484507048223
1.4231e+14, 9.5342e+14, 0.164283, 1003.42, 274.671, 0.0433742957218
6.7273e+13, 3.3648e+14, 0.423703, 1064.56, 489.132, 0.104705520029
1.7816e+14, 7.8846e+13, 0.0525738, 873.333, 573.46, 0.0288567435563
1.1041e+14, 3.3331e+14, 0.375662, 1798.22, 242.866, 0.0392940575296
7.9434e+13, 4.9464e+14, 0.196469, 1644.17, 275.812, 0.0294484107537
2.0492e+14, 6.6826e+13, 0.298998, 1009.15, 678.16, 0.148157993374
6.3533e+13, 1.6849e+14, 0.283471, 458.114, 1676.15, 0.273441850722
6.2663e+13, 1.5223e+14, 0.104623, 668.457, 1036.34, 0.087920131679
1.6581e+14, 6.0757e+13, 0.431133, 1381.94, 314.059, 0.0718514552957
7.0825e+13, 2.1617e+14, 0.368917, 902.684, 1376.31, 0.278566828893
2.384e+14, 6.2569e+13, 0.290828, 339.754, 1577.99, 0.275190987081
6.8543e+13, 3.4566e+14, 0.317805, 1186.22, 399.802, 0.0871349015172
6.9061e+13, 2.1165e+14, 0.184932, 899.85, 1144.3, 0.15323081481
6.238e+13, 2.3534e+14, 0.683205, 928.688, 116.286, 0.0734232443005
7.7552e+13, 2.4943e+14, 0.610512, 1057.33, 69.7134, 0.110348458285
1.7416e+14, 6.1933e+13, 0.366744, 1310.76, 338.285, 0.0983441385789
7.5906e+13, 1.8084e+14, 0.412916, 1317.06, 292.026, 0.110373186273
8.0163e+13, 2.1683e+14, 0.12083, 852.118, 982.688, 0.0912889860584
1.7691e+14, 3.7134e+14, 0.43657, 1180.2, 1569.13, 0.358603468431
6.5956e+13, 1.8469e+14, 0.51531, 669.907, 1324.03, 0.454560053689
8.2633e+13, 4.933e+14, 0.857837, 1467.91, 1200.44, 0.461383750573
7.6282e+13, 5.3322e+14, 0.237236, 2685.1, 633.352, 0.0744997921454
8.1716e+13, 2.9602e+14, 0.712811, 1569.87, 298.973, 0.0549970912922
1.9387e+14, 1.0067e+14, 0.571752, 578.303, 1359.02, 0.4588732445
2.2435e+14, 8.3174e+13, 0.449232, 1124.68, 585.842, 0.283356445833
9.517e+13, 3.8035e+14, 0.0458258, 335.789, 1759.36, 0.045013283578
6.4991e+13, 4.1909e+14, 0.736003, 1202.22, 393.656, 0.215637753666
4.9758e+14, 7.8681e+13, 0.0424264, -41.288, 1570.65, 0.182560181644
1.9895e+14, 6.5062e+13, 0.301496, 1319.58, 108.892, 0.0175094160845
9.2536e+13, 3.2566e+14, 0.19, 1065.96, 1639.91, 0.159303465913
2.7683e+14, 7.9058e+13, 0.26136, 1797.72, 212.013, 0.0467907562569
8.2092e+13, 2.8516e+14, 0.644426, 1280.6, 20.9531, 0.0333556583911
2.1236e+14, 6.7626e+13, 0.513552, 1297.31, 1213.39, 0.342876582229
1.4527e+14, 6.9696e+13, 0.280207, 186.282, 1555.38, 0.27821872678
6.3815e+13, 1.8905e+14, 0.12083, 1206.87, 726.023, 0.0622863989532
9.3547e+13, 2.8179e+14, 0.226088, 1441.13, 988.454, 0.105233181603
1.8458e+14, 8.7314e+13, 0.323629, 604.797, 1114.6, 0.251088831222
4.5652e+14, 1.2805e+14, 0.462243, 271.398, 2626.7, 0.459795220357
6.4968e+13, 5.1212e+14, 0.429075, -1066.62, 120.487, 0.380622974814
1.0147e+14, 5.2108e+14, 0.11, -1203.01, 324.991, 0.153852023843
2.5293e+14, 6.5085e+13, 0.419166, 1077.8, 112.17, 0.0275482182541
9.7405e+13, 2.2384e+14, 0.264764, 866.251, 1390.46, 0.218850338977
4.0632e+14, 7.4024e+13, 1.02263, -1036.23, 180.435, 0.252547833056
6.2663e+13, 4.5934e+14, 0.485823, 1150.22, 1756.43, 0.319834969702
9.3429e+13, 3.3133e+14, 0.164012, 1306.76, 1163.02, 0.109039854017
1.6698e+14, 4.0698e+14, 0.148408, 1283.94, 1053.15, 0.0941195398657
9.4676e+13, 6.3547e+14, 0.462723, 2487.16, 452.607, 0.092939643528
2.4336e+14, 9.2089e+13, 0.444168, 1101.32, 1051.63, 0.0766162424401
2.706e+14, 7.7435e+13, 0.687782, 1289.54, 364.582, 0.223430382623
2.9861e+14, 1.0042e+14, 0.66884, 828.67, 889.087, 0.284815738151
5.0172e+14, 8.7267e+13, 0.133345, 1817.02, 1079.85, 0.068124165393
3.3185e+14, 1.2119e+14, 0.614085, 1232.93, 395.591, 0.232842411478
5.7318e+14, 1.095e+14, 0.179956, -1475.53, 444.79, 0.0716026426654
1.1432e+14, 3.2395e+14, 0.232312, 882.164, 1507.96, 0.200520164871
7.1342e+13, 3.5904e+14, 0.652459, 1201.8, 734.636, 0.174920871462
2.324e+14, 7.5576e+13, 0.400125, 1435.08, 699.378, 0.164858159087
7.1601e+13, 4.6635e+14, 0.835404, 1048.8, 267.958, 0.151269417453
4.2573e+14, 2.2708e+14, 0.465081, 1481.61, 1203.41, 0.332086687068
2.7772e+14, 9.4559e+13, 0.399811, 1685.16, 253.778, 0.0574915401962
4.6348e+14, 8.5667e+13, 0.522101, 1296.31, 435.971, 0.133769436691
8.4915e+13, 4.6216e+14, 0.448442, 1443.29, 1782.52, 0.313669389961
2.0071e+14, 6.6318e+14, 0.253377, 2006.35, 656.809, 0.0839052724203
1.9422e+14, 4.361e+14, 0.146659, 625.95, 1494.9, 0.13527853777
8.5879e+13, 1.742e+14, 0.165227, 522.556, 1054.52, 0.148046739705
4.5517e+14, 1.1688e+14, 0.384156, 1775.81, 835.59, 0.140253359361
6.2874e+13, 4.8987e+14, 0.345282, -1235.26, 245.262, 0.0369410425226
1.177e+14, 7.2565e+14, 0.6488, 1948.37, 552.001, 0.133262071385
2.0629e+14, 4.277e+14, 0.69325, 1424.44, 569.326, 0.20137979418
8.2162e+13, 2.3762e+14, 0.0907524, 970.553, 1019.48, 0.0657295000568
9.1101e+13, 4.9925e+14, 0.65146, 1735.25, 397.381, 0.109302572976
6.6708e+13, 2.3266e+14, 0.289482, 888.797, 636.486, 0.12237622422
8.2327e+13, 1.6087e+14, 0.449432, 581.742, 1586.37, 0.368844635388
7.0072e+13, 1.942e+14, 0.230217, 1539.31, 862.241, 0.111701899995
3.3658e+14, 1.4485e+14, 0.20445, 1196.69, 847.772, 0.125127405343
8.6302e+13, 2.1631e+14, 0.545802, 1295.47, 491.965, 0.171620916524
1.2107e+14, 4.5708e+14, 0.317844, 1525.48, 876.223, 0.161488302516
4.2029e+14, 9.1124e+13, 0.311931, 1854.15, 545.553, 0.0792540748929
2.8869e+14, 8.0539e+13, 0.49254, 1270.56, 1405.93, 0.343979484448
8.3174e+13, 1.8963e+14, 0.298499, 1089.75, 1542.85, 0.215920871156
8.5714e+13, 1.9923e+14, 0.358982, 1390.94, 959.26, 0.165482281991
6.6097e+13, 1.2234e+14, 0.547969, 805.39, 850.465, 0.339756758054
3.2465e+14, 9.8581e+13, 0.670895, 1172.81, 615.408, 0.24276638301
1.9375e+14, 8.1198e+13, 0.181221, 1176.6, 868.616, 0.107632394985
8.0187e+13, 4.7851e+14, 0.430088, 75.9371, 2217.95, 0.429836145199
1.0319e+14, 1.9622e+14, 0.483011, 859.816, 1696.12, 0.399885588798
2.7104e+14, 6.1534e+13, 0.475079, 1300.28, 165.6, 0.045968658272
8.0634e+13, 1.6313e+14, 0.213073, 1176.0, 33.6132, 0.0167014173276
4.5209e+14, 6.9719e+13, 0.261916, 1860.0, 549.763, 0.111686113344
4.7978e+14, 6.692e+13, 0.313887, 116.461, 2500.59, 0.313547129423
1.7616e+14, 9.2371e+13, 0.0768115, 661.412, 815.277, 0.0596502924956
2.451e+14, 6.0828e+13, 0.237539, 1315.19, 742.417, 0.116769379504
2.7123e+14, 6.5697e+13, 0.584294, 1036.83, 1061.81, 0.349747556511
2.8894e+14, 1.0971e+14, 0.212577, 1240.7, 168.846, 0.0620112198285
6.1797e+14, 7.974e+13, 0.532353, 1720.72, 1246.91, 0.270353341677
6.7743e+13, 2.8179e+14, 0.275, 243.339, 1976.2, 0.272938612204
1.0361e+14, 2.8168e+14, 0.377574, 1399.03, 819.448, 0.158275571457
1.5151e+14, 6.3016e+13, 0.115478, -761.317, 434.007, 0.0582937837478
1.77e+14, 6.5227e+13, 0.359211, 1531.01, 135.983, 0.0273131668127
3.3241e+14, 1.0251e+14, 0.360832, 95.9168, 1856.64, 0.360351447602
5.002e+14, 1.8606e+14, 0.568819, 2267.9, 586.228, 0.149870781071
2.6455e+14, 9.5194e+13, 0.406164, 1272.06, 496.981, 0.13075950856
2.1574e+14, 7.2848e+13, 0.0948683, 1213.14, 860.095, 0.0548689705443
9.1195e+13, 1.1613e+15, 1.02127, 2082.09, 691.643, 0.23750964139
6.5932e+13, 2.5458e+14, 0.417852, 1118.62, 51.27, 0.0494299220252
1.9128e+14, 1.1984e+14, 0.781425, 911.928, 616.49, 0.338106865473
8.5126e+13, 1.8477e+14, 0.367287, 950.594, 863.437, 0.232361097642
1.1128e+14, 2.9852e+14, 0.730821, 1118.42, 279.964, 0.128154301894
3.6339e+14, 1.4551e+14, 0.0652993, 666.043, 1366.67, 0.0586995290429
7.7058e+13, 1.8832e+14, 0.201177, 934.037, 1063.26, 0.149199954212
1.1552e+14, 5.0669e+14, 0.153154, 743.418, 2027.72, 0.143794481551
1.0437e+14, 1.3551e+14, 0.228528, 564.642, 541.252, 0.165966775194
7.7105e+13, 2.992e+14, 0.442719, 1296.39, 52.0185, 0.014355077878
6.2733e+13, 1.5372e+14, 0.421997, 89.1819, 1520.22, 0.421272729594
3.9672e+14, 1.3862e+14, 0.380896, 1550.92, 943.736, 0.172960631524
6.1745e+13, 5.1572e+14, 0.733632, 1221.47, 520.768, 0.166964116925
1.2401e+14, 4.4777e+14, 0.172916, 236.265, 2310.58, 0.172019041208
2.1104e+14, 7.6588e+13, 0.211943, 1149.9, 164.062, 0.0375616666367
1.6169e+14, 8.6914e+13, 0.188616, 645.392, 1066.85, 0.161383313022
8.9713e+13, 2.0191e+14, 0.11225, 1136.42, 174.459, 0.017032667478
6.9202e+13, 1.5096e+14, 0.706655, 526.514, 972.676, 0.487732135295
7.5529e+13, 3.6683e+14, 0.0503587, -72.6615, 1005.25, 0.092406130687
6.4594e+14, 7.8634e+13, 1.09745, 770.061, 160.743, 0.177198316646
1.0098e+14, 2.817e+14, 0.275862, 786.694, 1680.86, 0.249994504866
8.3472e+13, 2.1252e+14, 0.633719, 219.858, 555.112, 0.288422862396
2.1182e+14, 7.2001e+13, 0.347154, 868.066, 1687.41, 0.296434487387
6.5377e+14, 1.5957e+14, 0.85201, 1112.99, 190.227, 0.229302661446
6.9108e+13, 3.8124e+14, 0.338143, 1525.63, 1355.79, 0.196587293812
2.3517e+14, 6.4756e+13, 0.255687, 470.146, 1465.81, 0.243470018242
1.7162e+14, 6.4897e+13, 0.215407, 1200.34, 429.895, 0.0608372909545
8.8019e+13, 1.7983e+14, 0.211766, 216.061, 1407.49, 0.209314146459
8.2445e+13, 2.8045e+14, 0.151542, 541.059, 1593.89, 0.143499514373
2.1661e+14, 6.1981e+13, 0.856085, -532.219, 306.503, 0.0900792619342
7.4871e+13, 2.2922e+14, 0.36349, 241.176, 1963.68, 0.360779124509
1.0268e+15, 6.7932e+13, 1.2818, 223.778, 176.764, 0.0176028557934
9.2512e+13, 3.3213e+14, 0.266458, 1625.15, 214.704, 0.0272205025526
1.2565e+14, 6.645e+13, 0.339925, 1104.28, 327.791, 0.10482142935
1.2862e+14, 2.9941e+14, 0.194422, 1638.3, 388.11, 0.0584873974042
2.673e+14, 7.64e+13, 0.2598, 1725.57, 895.201, 0.101093834245
3.4253e+14, 1.0147e+14, 0.21588, 1878.37, 1612.04, 0.125740500866
1.4847e+14, 3.8795e+14, 0.257876, 1792.68, 589.494, 0.0558903972484
1.0578e+14, 2.5813e+14, 0.129773, 1260.83, 277.255, 0.0416288453037
2.2442e+14, 8.2868e+13, 0.282843, 1587.08, 255.745, 0.0547102874033
7.6023e+13, 4.3951e+14, 0.28544, 1964.22, 604.873, 0.0630412473516
1.0813e+14, 3.3973e+14, 0.274591, 1262.99, 622.477, 0.0858511475124
8.0163e+13, 4.5414e+14, 0.0545985, 1447.17, 1091.02, 0.0328677884735
6.6732e+13, 4.6016e+14, 0.412311, -758.581, 112.613, 0.0392931433201
9.5805e+13, 1.779e+14, 1.09843, 673.226, 539.657, 0.332582404144
4.9053e+14, 2.5634e+14, 0.265769, 1611.56, 547.513, 0.0832608785825
6.4662e+13, 1.8119e+14, 0.145623, 1046.28, 1054.84, 0.103389658506
3.1014e+14, 1.0926e+14, 0.327538, 1445.61, 282.992, 0.0205655810837
2.8071e+14, 8.0657e+13, 0.584979, 1170.97, 932.589, 0.324199774664
2.1076e+14, 7.7458e+13, 0.276951, 1387.89, 294.998, 0.0711587533883
1.993e+14, 8.2986e+13, 0.394929, 1384.59, 41.7139, 0.0154445028442
1.4464e+14, 7.9622e+13, 0.197436, 225.963, 1667.57, 0.195647981881
7.0002e+13, 1.7604e+14, 0.366943, 1341.55, 369.411, 0.0745556751283
1.6861e+14, 5.0158e+14, 0.167929, 161.187, 1692.81, 0.167172866768
8.8184e+13, 2.6293e+14, 0.339572, 1179.8, 1350.78, 0.219808262939
7.1672e+13, 5.737e+14, 0.670792, 2079.21, 396.13, 0.11570640179
3.5323e+14, 1.1062e+14, 0.298632, 905.671, 1780.66, 0.266180984039
2.6909e+14, 9.023e+13, 0.491537, 1663.48, 93.6428, 0.0728436616885
4.4962e+14, 7.8446e+13, 0.0448999, -838.973, 848.987, 0.0878754380593
8.769e+13, 3.9625e+14, 0.392357, 2069.19, 500.325, 0.163908730826
2.1379e+14, 4.3596e+14, 0.31209, 1790.76, 288.645, 0.0511621973194
2.8471e+14, 6.0757e+13, 0.0748331, 953.992, 107.473, 0.00837741087627
1.3262e+14, 3.4671e+14, 0.0647765, 836.587, 1425.28, 0.0558641116068
1.0731e+14, 2.1831e+14, 0.361109, 39.3321, 1526.74, 0.360989227723
8.769e+13, 2.2845e+14, 0.343052, 122.625, 1541.73, 0.341972017454
1.9907e+14, 6.9225e+13, 0.404599, 1003.25, 1102.06, 0.256681619083
7.3789e+13, 2.9156e+14, 0.281704, 1811.09, 659.372, 0.120977665435
2.1744e+14, 9.7311e+13, 0.427912, 1268.33, 341.128, 0.0081325927925
2.2071e+14, 4.3824e+14, 1.00136, -855.647, 1197.43, 0.0606300368025
1.7152e+14, 6.2075e+13, 0.184662, 1298.43, 638.338, 0.0982393358188
2.4985e+14, 8.3456e+13, 0.250328, 15.9723, 1943.13, 0.250319543539
1.03e+14, 2.9483e+14, 0.616462, 1290.26, 992.98, 0.338261899299
4.5809e+14, 6.3721e+13, 0.544243, 1628.36, 460.315, 0.156013075056
8.2986e+13, 2.6935e+14, 0.310644, 1733.31, 548.305, 0.0679057607646
6.2733e+13, 1.5675e+14, 0.395348, 100.406, 1470.01, 0.394429007513
6.525e+13, 3.2145e+14, 0.507435, 1503.44, 182.373, 0.11297911418
7.9081e+13, 5.6926e+14, 0.453652, -799.549, 458.006, 0.397536716715
1.1173e+14, 7.2126e+14, 0.700857, 1999.6, 1176.39, 0.301181735324
3.7299e+14, 1.134e+14, 0.498197, 1706.82, 678.227, 0.149725318306
8.7031e+13, 2.614e+14, 0.128841, 615.809, 1119.82, 0.112896450226
8.3974e+13, 1.937e+14, 0.220454, 1347.97, 409.267, 0.0850281105233
2.5089e+14, 1.0585e+14, 0.23622, 1436.37, 400.116, 0.0632311177876
3.5784e+14, 1.3066e+14, 0.966381, 340.256, 802.952, 0.495022820523
4.3831e+14, 8.9101e+13, 0.796086, 491.151, 319.194, 0.173024105316
2.0344e+14, 6.7367e+13, 0.371753, 848.012, 1100.78, 0.257083426384
1.0964e+14, 1.9003e+14, 0.964417, 796.655, 429.29, 0.291346151334
5.9661e+14, 6.899e+13, 0.632218, -1027.74, 237.9, 0.00408013285688
9.1011e+14, 1.4109e+14, 0.857088, 1160.99, 78.2775, 0.0214422520377
3.8346e+14, 6.6332e+13, 0.235247, 2132.63, 172.118, 0.0398790180348
4.8133e+14, 8.8161e+13, 0.857506, 1438.77, 765.498, 0.304089305467
5.0001e+14, 7.5294e+13, 1.03126, 1978.27, 314.496, 0.244377882895
