1.7602e+14, 6.1839e+13, 0.439416, 1014.27, 468.135, 0.181506612236
3.9157e+14, 7.9857e+13, 0.651333, 1524.84, 290.148, 0.123713647631
5.1828e+14, 6.3533e+13, 0.606132, 1077.05, 709.746, 0.128603317732
1.3248e+14, 5.893e+14, 0.244529, -1636.98, 276.669, 0.0343375783008
7.9175e+13, 1.5899e+14, 0.185301, 64.6633, 1631.43, 0.185155616451
7.1178e+13, 1.866e+14, 0.391823, 1376.83, 972.707, 0.187648478506
6.071e+14, 1.2361e+14, 0.621168, 1978.21, 33.0321, 0.0310078657571
2.3847e+14, 7.8587e+13, 0.3997, 1261.64, 116.819, 0.0357402112799
4.4586e+14, 1.6966e+14, 0.485159, 1764.61, 178.102, 0.0596869815795
6.0593e+13, 6.9216e+14, 0.950047, 815.889, 539.043, 0.327603797343
3.836e+14, 1.0747e+14, 0.445277, 1641.97, 648.426, 0.151569303254
3.9414e+14, 1.643e+14, 0.607563, 929.254, 1558.77, 0.412431195598
1.7284e+14, 7.6588e+13, 0.477055, 262.119, 1283.61, 0.467409165955
7.8846e+13, 1.8046e+14, 0.279555, 92.2677, 1586.14, 0.279083205227
1.9368e+14, 6.9249e+13, 0.406371, 1456.48, 545.723, 0.107087757722
9.7922e+13, 5.7366e+14, 0.765621, 1467.46, 558.028, 0.186296737875
2.5498e+14, 5.2369e+14, 0.688248, 1486.69, 186.122, 0.0518909796109
2.741e+14, 6.859e+13, 0.383439, 835.512, 953.734, 0.246536049661
6.7155e+13, 3.8376e+14, 0.303779, -1560.88, 473.73, 0.0456690456229
4.1836e+14, 7.0519e+13, 0.694224, 1194.1, 537.899, 0.156157835973
3.1957e+14, 1.3977e+14, 0.682175, 1719.14, 195.511, 0.121083823566
2.543e+14, 9.7993e+13, 0.251676, 1731.36, 213.887, 0.0399433716776
6.7838e+13, 3.2898e+14, 0.50721, 1459.61, 479.829, 0.0624504964266
6.5603e+13, 6.2192e+14, 0.356294, 1179.9, 650.783, 0.11797247954
1.9949e+14, 7.2565e+13, 0.345977, 1710.31, 448.033, 0.195422020129
9.016e+13, 3.4688e+14, 0.430539, 741.06, 2119.35, 0.413578698647
2.9113e+14, 1.102e+14, 0.398333, 1332.92, 1314.58, 0.220676695268
4.5296e+14, 1.1653e+14, 0.217841, -1349.54, 103.648, 0.0167563106712
7.0378e+13, 1.739e+14, 0.248262, 412.14, 1413.39, 0.238335995546
1.0004e+14, 3.6668e+14, 0.25221, 1774.07, 111.751, 0.0412637901991
5.6618e+14, 1.2126e+14, 0.557281, 2044.01, 155.607, 0.0780838391571
6.4192e+13, 2.0963e+14, 0.332898, 1497.24, 57.2752, 0.0236024488817
2.1097e+14, 7.3483e+13, 0.108079, 707.809, 926.098, 0.0858705597523
5.014e+14, 6.2122e+13, 0.88371, 1419.79, 212.58, 0.106990621855
1.7122e+14, 7.8164e+13, 0.488579, 1138.78, 485.598, 0.156257450494
8.9478e+13, 6.8774e+14, 0.315476, 2492.47, 1057.73, 0.118428624537
9.7546e+13, 2.8288e+14, 0.460969, 1415.01, 118.916, 0.0642517182393
4.1067e+14, 6.278e+13, 0.609016, -987.214, 369.664, 0.0469561038131
7.0543e+13, 2.6055e+14, 0.157296, 224.037, 1523.97, 0.155623354977
2.6288e+14, 7.3706e+14, 0.19, 1115.92, 1923.95, 0.164354850776
5.8405e+14, 7.8775e+13, 0.431525, 1651.51, 354.599, 0.084907429461
1.7569e+14, 7.2377e+13, 0.237337, 1040.14, 888.694, 0.137595300887
6.0059e+14, 1.6599e+14, 0.484093, 2113.95, 333.466, 0.0736582420055
2.4479e+14, 7.0213e+13, 0.5844, 647.316, 1590.78, 0.492759219429
1.4139e+14, 6.5838e+13, 0.416559, 478.963, 1139.96, 0.37440520571
7.8681e+13, 2.1843e+14, 0.330788, 1500.79, 294.277, 0.0856368915514
2.3117e+14, 6.4803e+13, 0.164797, 1192.9, 211.687, 0.0234365923508
2.0589e+14, 8.0328e+13, 0.357778, 534.276, 1400.37, 0.354021334119
3.4615e+14, 9.8275e+13, 0.418031, 1830.67, 792.188, 0.148961208776
1.2676e+14, 6.4345e+14, 0.503997, 1490.77, 404.689, 0.0599721747426
2.1085e+14, 6.9202e+14, 0.169732, -1405.59, 249.289, 0.0318142919485
7.5412e+13, 4.5727e+14, 0.294544, 2121.26, 1767.87, 0.157477743447
9.0301e+13, 3.6574e+14, 0.176131, 317.974, 1565.94, 0.172608459085
1.3732e+14, 8.7949e+13, 0.244163, 701.861, 972.972, 0.164733176434
3.9651e+14, 6.0452e+13, 0.392338, 1579.55, 884.788, 0.224917375631
8.4421e+13, 1.8044e+14, 0.0675056, 50.367, 903.287, 0.0674009018081
1.7503e+14, 3.7158e+14, 0.319626, 899.852, 1462.39, 0.269790497195
5.3259e+14, 7.7035e+13, 0.253774, -1939.33, 338.345, 0.207927834012
1.4003e+14, 7.0472e+13, 0.347179, 1224.53, 346.938, 0.0671742665799
6.8755e+13, 5.0363e+14, 0.9891, 773.322, 315.142, 0.178125107298
9.43e+13, 2.316e+14, 0.238671, 1410.53, 993.809, 0.120097325459
8.8066e+13, 3.2232e+14, 0.486034, 1050.76, 683.619, 0.220784489929
2.2682e+14, 7.7576e+13, 0.324865, 1336.97, 918.812, 0.167576164535
1.21e+14, 2.9085e+14, 0.292233, 1631.4, 192.08, 0.0219443683824
6.1957e+13, 1.5616e+14, 0.405706, -753.328, 1530.44, 0.224523791241
9.1407e+13, 1.9189e+14, 0.124234, 771.657, 214.391, 0.0418079638162
2.3082e+14, 6.4403e+13, 0.328976, 1184.29, 671.981, 0.240198439446
6.9907e+13, 3.896e+14, 0.738702, 726.158, 418.464, 0.252117316108
1.7609e+14, 7.4471e+13, 0.202485, 1211.26, 142.867, 0.0109676311299
9.844e+13, 1.7444e+14, 0.545271, 1083.08, 767.936, 0.261643971657
7.9105e+13, 2.1358e+14, 0.471028, 1369.47, 184.449, 0.0585050368035
2.9725e+14, 6.1487e+13, 0.246497, 241.408, 2035.76, 0.244781934365
6.9061e+13, 2.4955e+14, 0.261694, 694.238, 1973.3, 0.246861983767
9.0136e+13, 8.3209e+14, 0.355073, -1378.05, 356.895, 0.116438217756
8.1504e+13, 2.5989e+14, 0.558963, 727.455, 570.147, 0.235092441911
7.019e+13, 6.1014e+14, 0.795727, 766.13, 128.255, 0.0927827544082
6.3368e+13, 3.3916e+14, 0.288101, 1004.93, 1428.13, 0.189250763354
1.3563e+14, 2.4651e+14, 0.767857, 177.453, 672.8, 0.413182038888
6.2098e+13, 1.6345e+14, 0.233609, 1361.41, 559.923, 0.125594566334
1.13e+14, 4.5409e+14, 0.433379, 1729.39, 601.984, 0.21273399585
4.6971e+14, 6.1816e+13, 0.456246, 1182.11, 1258.85, 0.269826826539
4.3838e+14, 7.7364e+13, 0.174496, -1115.66, 195.322, 0.0869965591618
1.1309e+14, 1.8808e+14, 0.309887, -451.924, 383.193, 0.0404639443513
3.3131e+14, 7.1648e+13, 0.227596, -1027.24, 598.963, 0.23048674092
6.4286e+13, 6.2804e+14, 1.06142, 1710.4, 554.907, 0.283260998017
9.7899e+13, 2.5465e+14, 0.24351, 1329.61, 748.449, 0.103066193395
7.5459e+13, 2.0876e+14, 0.283581, 1419.04, 141.523, 0.0599657303983
3.6838e+14, 6.445e+13, 0.430238, 1255.6, 1664.29, 0.305573920026
1.4276e+14, 3.2369e+14, 0.376751, 1774.2, 472.286, 0.149963990504
1.8658e+14, 3.4206e+14, 0.448259, 990.574, 908.843, 0.41362704716
4.058e+14, 8.1457e+13, 0.432458, 1073.96, 687.393, 0.148904525785
2.2374e+14, 8.6773e+13, 0.153235, 1007.82, 136.285, 0.0103100860996
1.7009e+14, 7.3577e+13, 0.493722, 1407.61, 670.6, 0.186623798218
5.1302e+14, 2.0057e+14, 0.566605, 1578.03, 547.179, 0.176620138791
1.8693e+14, 6.4615e+13, 0.526392, 936.191, 984.582, 0.307586411417
6.5721e+13, 1.9246e+14, 0.404, 1249.56, 376.402, 0.145170098249
2.6944e+14, 1.0251e+14, 0.110241, 957.961, 1161.03, 0.0850329617651
9.0983e+13, 2.5058e+14, 0.322992, 1237.96, 1424.02, 0.238278978819
4.0665e+14, 7.4259e+13, 1.10192, 1154.18, 692.596, 0.465022840208
1.9676e+14, 6.8896e+13, 0.28743, 512.44, 1344.09, 0.268572830881
2.6079e+14, 8.7196e+13, 0.527205, 1049.77, 1086.29, 0.296558753589
9.0842e+13, 3.103e+14, 0.297765, 1056.81, 1506.28, 0.258452260071
1.9714e+14, 7.2754e+13, 0.142253, 795.715, 1594.62, 0.127285836902
6.852e+13, 1.8676e+14, 0.33294, 1630.5, 77.3469, 0.016656849509
7.7928e+13, 2.1358e+14, 0.798285, 740.334, 235.695, 0.0893004223192
3.8388e+14, 9.9663e+13, 0.170848, 1525.92, 998.645, 0.0782051035566
6.3848e+14, 7.6188e+13, 0.225779, 1570.52, 1698.31, 0.166030632322
1.894e+14, 3.6998e+14, 0.448847, 1792.16, 794.351, 0.158717824057
1.4421e+14, 6.9931e+13, 0.156474, 1051.89, 356.92, 0.079236011743
7.0848e+13, 1.6157e+14, 0.49763, 1174.01, 600.769, 0.175773384658
1.0804e+14, 2.4541e+14, 0.321168, 1172.56, 650.681, 0.186679563956
2.3804e+14, 6.3157e+13, 0.320162, 337.821, 1476.04, 0.312092408041
7.8164e+13, 2.2384e+14, 0.155438, 1027.92, 952.919, 0.105673945011
6.692e+13, 1.5167e+14, 0.482142, 1338.15, 146.476, 0.0659450775253
7.2542e+13, 1.8804e+14, 0.0468615, 317.825, 1129.47, 0.0451095848723
9.3571e+13, 8.4421e+14, 0.243922, 775.727, 2786.89, 0.234988589905
3.2322e+14, 1.2493e+14, 0.375937, 1701.54, 163.187, 0.0126105695133
7.4918e+13, 3.8183e+14, 0.729178, 1007.16, 856.064, 0.261977002136
3.3312e+14, 1.4036e+14, 0.265656, 1866.99, 182.246, 0.0143327328768
3.7426e+14, 7.2918e+13, 0.71722, 1525.38, 459.399, 0.18035592072
9.4559e+13, 2.7361e+14, 0.876458, 1295.33, 198.978, 0.178185887896
3.0699e+14, 6.064e+13, 0.760936, 1138.08, 944.837, 0.356583771464
9.3947e+13, 2.1029e+14, 0.506598, 1400.51, 1307.26, 0.3155111358
7.2612e+13, 5.0669e+14, 0.893956, 2012.38, 1034.58, 0.302840157257
1.9824e+14, 6.7134e+14, 0.146198, -1086.23, 1041.54, 0.139994358101
1.0277e+14, 3.3531e+14, 0.328957, 1386.29, 679.841, 0.122697347896
4.2234e+14, 1.4214e+14, 0.751737, 847.927, 1204.58, 0.44873384398
3.5398e+14, 1.2852e+14, 0.271398, 1730.27, 235.827, 0.0610073326509
3.0445e+14, 9.3053e+13, 0.449006, 1505.52, 607.719, 0.0683094132578
1.3824e+14, 4.8128e+14, 0.46998, 2109.76, 337.374, 0.0988896458687
3.3159e+14, 1.2958e+14, 0.892725, 86.6039, 654.109, 0.44045677625
2.419e+14, 7.4777e+13, 0.166385, 664.231, 1250.12, 0.146932107693
2.1751e+14, 4.1112e+14, 0.730907, 1091.95, 657.505, 0.330369202576
8.5173e+13, 2.5486e+14, 0.179165, 464.238, 1746.43, 0.173151878587
2.742e+14, 6.892e+13, 0.655409, 1286.53, 450.98, 0.213439185725
1.2434e+14, 5.8699e+14, 0.386448, 1918.31, 1622.96, 0.230010677976
6.4356e+13, 2.1231e+14, 0.366947, 854.692, 1372.98, 0.304047774579
1.0964e+14, 3.9192e+14, 0.484873, 1597.57, 373.95, 0.139044410246
7.313e+13, 1.6731e+14, 0.206998, 1071.44, 1183.51, 0.187259463092
7.3577e+13, 3.819e+14, 0.222746, 1364.03, 1406.2, 0.167433199301
4.7355e+14, 6.1392e+13, 0.432686, 2133.25, 341.48, 0.0514720055285
6.6955e+14, 2.0869e+14, 0.264622, 834.871, 2798.99, 0.2535819268
1.0507e+14, 2.0379e+14, 0.219374, 1225.98, 183.965, 0.0179648235591
9.8769e+13, 3.4954e+14, 0.300747, 1315.83, 1252.44, 0.206108231179
2.8986e+14, 1.0232e+14, 0.23118, 1457.61, 659.618, 0.0639652146949
8.0681e+13, 3.4239e+14, 0.613069, 1771.05, 400.03, 0.169786147605
3.0066e+14, 1.4527e+14, 0.345439, 1391.16, 155.414, 0.00598638373401
4.2323e+14, 9.7075e+13, 0.636356, 1216.65, 147.738, 0.0131628062288
7.9316e+13, 4.6334e+14, 0.150917, -1240.39, 284.207, 0.117189293748
2.5112e+14, 6.3533e+13, 0.880131, 1189.84, 672.921, 0.243110464039
4.4061e+14, 7.3553e+13, 0.854628, 1469.74, 1012.09, 0.26233123338
6.6097e+13, 4.6628e+14, 0.559821, 1225.95, 281.602, 0.0640467730664
9.1336e+13, 5.0589e+14, 0.354718, 1896.67, 220.469, 0.0610923208233
7.0778e+13, 2.8678e+14, 0.538618, 1693.82, 232.684, 0.0864290601781
2.3308e+14, 7.854e+13, 0.367676, 1473.2, 166.153, 0.0560090759885
1.5948e+14, 7.0166e+13, 0.155563, 526.24, 1212.92, 0.142710162411
6.9555e+13, 3.2475e+14, 0.319531, 892.842, 1128.39, 0.187867804448
7.5529e+14, 1.1117e+14, 0.732768, 750.313, 1110.91, 0.465300503542
8.1393e+14, 1.3709e+14, 0.237868, 535.656, 2557.64, 0.232816833675
7.7058e+13, 2.5093e+14, 0.18527, 1531.94, 102.315, 0.0265234159637
5.0224e+14, 1.8813e+14, 0.43738, 2048.08, 1402.43, 0.274133060508
4.9457e+14, 7.0637e+13, 0.733265, -183.237, 1012.76, 0.420653734856
8.9078e+13, 1.7467e+14, 0.344923, 1530.77, 146.745, 0.0325149307129
6.024e+13, 1.8945e+14, 0.236144, 1610.11, 120.619, 0.0176409455953
6.4733e+13, 2.1746e+14, 0.45146, 906.38, 1241.64, 0.334923700797
6.6379e+13, 7.1787e+14, 0.74123, -922.766, 320.181, 0.0440633397985
3.3178e+14, 1.1808e+14, 0.317637, 1505.11, 458.442, 0.103120859333
1.6811e+14, 5.0584e+14, 0.484665, 641.201, 2281.73, 0.473161981244
3.5043e+14, 2.2445e+14, 0.39777, 1648.87, 660.485, 0.265459747726
2.5839e+14, 6.5579e+13, 0.272547, 446.986, 2194.42, 0.267063020245
1.5423e+14, 6.732e+13, 0.0656201, 272.82, 1157.36, 0.0638695747426
9.6676e+13, 1.6936e+14, 0.208336, 241.598, 1399.89, 0.205300980163
2.7264e+14, 1.2187e+15, 0.278146, 2313.78, 1610.26, 0.180949548746
1.3436e+14, 7.5882e+13, 0.281647, 749.131, 542.015, 0.11634419194
2.287e+14, 6.1933e+13, 0.300523, 568.282, 1675.95, 0.288629802291
7.3577e+13, 1.5583e+14, 0.0764853, 336.965, 1037.63, 0.0727455801351
3.7155e+14, 7.6658e+13, 0.378227, 1303.07, 937.624, 0.189647851282
8.315e+13, 2.5392e+14, 0.287967, 1845.07, 577.195, 0.092042070443
2.606e+14, 7.6541e+13, 0.441277, 1408.77, 157.098, 0.0242624074377
7.9222e+13, 2.4964e+14, 0.58, 1112.77, 100.325, 0.139607248022
7.2636e+13, 2.0417e+14, 0.27109, 1020.14, 984.089, 0.14340921504
8.7855e+13, 3.2928e+14, 0.826366, 1105.25, 512.699, 0.205605961296
1.6018e+14, 6.0287e+13, 0.221723, 1169.14, 937.594, 0.102216270049
1.1528e+14, 2.6105e+14, 0.164201, 402.635, 1574.76, 0.159083479328
7.8987e+13, 1.6451e+14, 0.41942, 936.062, 862.437, 0.219482775677
3.4977e+14, 1.1189e+14, 0.271065, 1893.03, 809.356, 0.0973322231397
3.2162e+14, 6.0169e+13, 0.397398, 1360.24, 1308.17, 0.275467033359
1.5859e+14, 3.8762e+14, 0.530295, 1736.79, 1190.15, 0.26163944984
6.2451e+13, 2.4162e+14, 0.292834, 1903.58, 212.596, 0.0475340653536
7.4212e+13, 4.0608e+14, 0.164527, 1735.23, 796.545, 0.0686386164848
6.7155e+13, 2.8422e+14, 0.250727, 1542.57, 365.784, 0.0833281905968
1.3664e+14, 3.4791e+14, 0.182211, 1755.05, 27.3292, 0.0585930852925
7.1037e+13, 3.4352e+14, 0.610253, 884.802, 595.309, 0.215400104957
6.3721e+13, 2.9932e+14, 0.550072, 1318.15, 338.615, 0.151179992425
2.7008e+14, 1.3325e+14, 0.389652, 1073.69, 1112.78, 0.290602679499
8.2492e+13, 1.0179e+15, 0.403237, 1790.76, 105.231, 0.0236547379914
2.3934e+14, 1.1606e+14, 0.156582, 1008.57, 532.303, 0.0928143589831
1.7879e+14, 4.2516e+14, 0.160776, -1589.0, 768.21, 0.249739695477
1.4588e+14, 5.1271e+14, 0.544252, 1655.12, 1277.37, 0.326239334388
4.4083e+14, 6.1863e+13, 0.237868, 680.034, 2341.93, 0.228432532324
2.2315e+14, 6.2968e+13, 0.578896, -998.209, 1771.89, 0.0730334210334
6.0687e+13, 1.7025e+14, 0.410133, 1203.98, 893.754, 0.243378342637
7.5786e+14, 6.4897e+13, 0.989508, -421.982, 360.798, 0.206396245128
7.8469e+14, 6.2921e+13, 0.940447, 1521.49, 991.636, 0.339635339293
1.5988e+14, 1.0646e+14, 0.394797, 1248.56, 1067.65, 0.234339823264
8.315e+13, 6.0971e+14, 0.202331, 2170.93, 410.014, 0.0591298344958
7.6376e+13, 2.3216e+14, 0.405494, 1188.85, 388.696, 0.068773615202
1.4979e+14, 6.939e+13, 0.489085, 1060.47, 576.417, 0.203979734595
4.6661e+14, 7.9434e+13, 0.216462, 2013.45, 1049.85, 0.107926579866
6.8614e+13, 2.0535e+14, 0.47724, 993.295, 680.813, 0.218391264699
2.2294e+14, 1.2587e+14, 0.570284, 1263.82, 396.439, 0.204273380317
5.7017e+14, 6.892e+13, 0.780464, -954.058, 113.439, 0.121569250948
6.979e+13, 3.5067e+14, 0.119447, -977.22, 298.601, 0.112474507476
1.8317e+14, 7.9544e+14, 0.921896, 1424.09, 156.407, 0.151704925264
8.6232e+13, 5.1e+14, 0.434425, 1934.98, 333.631, 0.0286447133323
7.5882e+13, 5.5787e+14, 0.499537, 1411.64, 624.219, 0.109833854594
4.9782e+14, 6.024e+13, 0.26135, 1840.72, 1256.9, 0.172400920746
1.9998e+14, 7.7246e+13, 0.428161, 1219.43, 349.124, 0.0804609010111
1.0865e+14, 5.2313e+14, 0.263321, 2164.15, 241.576, 0.0338276038963
1.2485e+14, 7.5642e+14, 0.107201, 1939.68, 956.027, 0.0473931603482
3.5836e+14, 7.0754e+13, 0.290353, 1073.16, 1464.83, 0.234222046778
1.2354e+14, 6.0811e+14, 0.141849, 1444.9, 1545.84, 0.103628674221
7.1672e+13, 5.4882e+14, 0.568771, 1073.59, 137.394, 0.0344641381337
3.486e+14, 6.7202e+13, 0.597893, 1156.66, 485.095, 0.195541932015
2.2445e+14, 6.5415e+13, 0.440809, 1250.0, 124.773, 0.0353346347878
2.4583e+14, 6.8595e+14, 0.704003, 1707.73, 919.28, 0.310180271822
9.9663e+13, 3.3039e+14, 0.7412, 1359.61, 609.959, 0.31186785391
9.3735e+13, 2.8539e+14, 0.369242, 1065.58, 724.4, 0.158184403683
1.6026e+14, 7.6235e+13, 0.251794, 868.814, 941.068, 0.176676149035
3.346e+14, 6.7838e+13, 0.396642, 641.291, 1738.92, 0.383525737649
1.9648e+14, 6.2663e+13, 0.587855, 1428.71, 389.63, 0.136659141218
3.4467e+14, 1.3568e+14, 0.57463, 2221.36, 407.398, 0.122423712041
8.4256e+13, 2.5453e+14, 0.414537, 1016.26, 1113.83, 0.265918639659
3.3267e+14, 6.1792e+13, 0.603371, 742.429, 217.211, 0.0896395927522
1.1573e+14, 5.0342e+14, 0.341863, 2018.44, 409.27, 0.0741716743135
4.2535e+14, 7.3647e+13, 1.07001, 1612.1, 988.376, 0.393150564379
6.7932e+13, 3.8807e+14, 0.217313, 982.045, 1678.06, 0.187555666107
6.0052e+13, 5.4011e+14, 0.644441, 1605.46, 501.754, 0.0539125855497
2.965e+14, 8.1245e+13, 0.704787, 953.04, 325.611, 0.0718985304466
1.464e+14, 7.9481e+13, 0.597402, 736.742, 701.129, 0.311224402396
4.8404e+14, 7.8987e+13, 0.709855, 1733.87, 718.362, 0.198688057221
2.0681e+14, 7.3036e+13, 0.32379, 1261.57, 447.248, 0.102876233854
8.5714e+13, 3.0212e+14, 0.406918, 1705.18, 229.527, 0.0529583403824
7.6564e+13, 1.8013e+14, 0.143014, 1573.04, 393.277, 0.0346874010922
8.7337e+13, 6.151e+14, 0.0473814, -465.641, 1232.48, 0.338232724114
1.0966e+14, 3.9035e+14, 0.593084, 1631.37, 337.441, 0.156311064759
7.9622e+13, 4.2817e+14, 0.785505, 935.389, 766.244, 0.299154519817
4.6496e+14, 9.6981e+13, 0.369179, 2008.28, 945.801, 0.157359001508
9.24267e+13, 3.6631e+14, 0.815616, 648.023, 56.1631, 0.0623237313173
6.9649e+13, 3.0259e+14, 0.327671, 1627.88, 1011.98, 0.16383193529
1.9208e+14, 1.2079e+14, 0.211036, 1177.68, 546.323, 0.104602939258
6.7743e+13, 2.5759e+14, 0.344964, 1602.65, 332.518, 0.067163148993
6.2733e+13, 5.4079e+14, 0.178997, 2139.48, 340.567, 0.028138850792
9.5594e+13, 2.1965e+14, 0.392949, 1180.52, 217.757, 0.0405468224428
8.268e+13, 4.7065e+14, 0.422825, 1587.86, 353.877, 0.100711495433
1.0601e+14, 4.9109e+14, 0.0452659, -537.012, 965.931, 0.202298854614
2.3331e+14, 8.5503e+13, 0.269425, 714.495, 1494.55, 0.211448671326
1.0712e+14, 5.3162e+14, 0.582725, 1442.28, 431.465, 0.111298624976
8.7502e+13, 4.8517e+14, 0.887516, 1251.8, 842.436, 0.4281954089
8.097e+14, 1.4906e+14, 0.925399, 2149.79, 437.783, 0.14536227075
7.4259e+13, 8.8405e+14, 0.530619, 1974.58, 351.79, 0.0438745963458
6.6356e+13, 1.5927e+14, 0.247154, 1173.4, 520.366, 0.0853875810654
6.2286e+13, 5.7184e+14, 0.762848, 1312.82, 312.912, 0.0761445553288
2.5253e+14, 6.2357e+13, 0.164988, 1652.93, 884.007, 0.0716396918914
1.922e+14, 1.0025e+14, 0.115503, 173.621, 1215.65, 0.114342706294
8.0452e+14, 1.5151e+14, 0.220917, 1839.79, 2116.31, 0.166723893933
6.6826e+13, 1.9192e+14, 0.416424, 796.282, 1149.98, 0.313514770899
9.6205e+13, 1.9871e+14, 0.418594, 1331.32, 225.481, 0.126912916176
6.5716e+14, 2.5761e+14, 0.369569, 2118.87, 94.7496, 0.0170188617837
2.574e+14, 6.4827e+13, 0.565316, 870.59, 790.391, 0.369229412033
1.5986e+14, 6.6097e+13, 0.212662, 384.397, 1359.05, 0.204634120226
3.4029e+14, 9.3759e+13, 0.223618, 1528.78, 229.313, 0.0331710295199
6.7649e+13, 1.7108e+14, 0.385896, 677.731, 1442.33, 0.332221337645
2.5973e+14, 7.774e+13, 0.579183, 1362.98, 280.001, 0.0711023425394
2.1431e+14, 7.3483e+13, 0.0847585, 573.051, 1317.07, 0.077720592492
8.1716e+13, 2.7979e+14, 0.454028, 864.391, 1237.88, 0.32339749595
2.2809e+14, 7.193e+13, 0.324111, 1315.53, 256.597, 0.0675724627589
2.0481e+14, 4.8505e+14, 0.289615, 1485.79, 791.06, 0.125826523083
6.7649e+13, 5.3785e+14, 0.272198, -1291.85, 463.84, 0.29589496897
1.2257e+14, 2.5197e+14, 0.212605, 1215.75, 163.115, 0.0456894712675
1.0545e+14, 2.7177e+14, 0.462, 344.43, 2183.24, 0.38968056877
9.1524e+13, 1.6324e+14, 0.221542, 902.163, 162.275, 0.0566590749848
7.5929e+13, 1.6183e+14, 0.523057, 507.521, 634.107, 0.268817513085
3.9675e+14, 8.2915e+13, 0.543772, 1733.74, 499.936, 0.0846996720729
8.3291e+13, 1.9203e+14, 0.19351, 425.286, 1383.29, 0.184965633622
2.455e+14, 8.5408e+13, 0.357519, 1558.53, 637.725, 0.139152760369
1.9636e+14, 6.5885e+13, 0.262134, 1339.71, 291.417, 0.067501475997
2.8118e+14, 1.0312e+14, 0.420885, 1617.56, 208.764, 0.0275466031267
8.1885e+14, 6.2569e+13, 1.54208, -42.5271, 131.654, 0.254748689294
6.6379e+13, 1.8526e+14, 0.310537, 581.904, 1073.92, 0.247982890464
1.9095e+14, 8.1504e+13, 0.0914112, 800.946, 693.431, 0.0598323926761
4.6821e+14, 9.0607e+13, 0.065123, 490.964, 1566.1, 0.0621409770472
1.3683e+14, 3.4159e+14, 0.400151, 490.712, 1793.67, 0.38596755223
7.1366e+13, 1.9728e+14, 0.103832, 848.912, 1018.23, 0.0797510428075
6.1863e+13, 1.4353e+14, 0.544673, 1310.76, 350.273, 0.184397772851
1.97e+14, 7.1248e+13, 0.47468, 1472.61, 374.033, 0.104721602349
3.4199e+14, 8.2986e+13, 0.819783, -77.0996, 687.396, 0.479902012021
6.6944e+13, 1.9039e+14, 0.364638, 1473.66, 76.7287, 0.0222118403689
7.2377e+13, 4.0648e+14, 0.465571, 1291.56, 457.086, 0.114554428692
6.5838e+13, 1.9027e+14, 0.410693, 29.4011, 1717.58, 0.41063284315
1.1756e+14, 3.5104e+14, 0.318744, 1567.46, 223.597, 0.0295260293838
6.1157e+14, 6.7602e+13, 0.297735, 1080.22, 2619.53, 0.275250175696
3.008e+14, 1.0079e+14, 0.497691, 1636.43, 440.392, 0.0895246489182
2.1621e+14, 7.9787e+13, 0.120868, 1191.13, 580.549, 0.0529552782685
7.6917e+13, 3.9061e+14, 0.521877, 980.275, 983.251, 0.219631434492
7.5882e+13, 4.4645e+14, 0.476193, 1526.26, 93.4593, 0.0179567858238
2.8784e+14, 9.9004e+13, 0.449267, 1522.53, 807.492, 0.166847907176
1.48e+14, 7.3977e+13, 0.116267, 534.667, 1060.0, 0.103808902218
2.3249e+14, 1.1686e+14, 0.244272, 642.543, 1307.29, 0.219638274107
3.2752e+14, 7.7199e+13, 0.603864, 1677.6, 586.344, 0.151738709956
6.8426e+13, 2.5627e+14, 0.190318, -1011.21, 168.126, 0.269074878666
2.2459e+14, 6.0946e+13, 0.491767, 936.47, 668.334, 0.28567152073
2.5077e+14, 9.8487e+13, 0.332486, 1378.97, 377.911, 0.112803656264
6.645e+13, 3.3008e+14, 0.30741, 1007.26, 1563.89, 0.265688080591
6.7767e+13, 1.6778e+14, 0.236966, 1133.71, 234.479, 0.0652234962073
6.478e+13, 2.0768e+14, 0.381247, 793.312, 1188.58, 0.303008121029
7.6047e+13, 1.8041e+14, 0.159499, 1280.56, 846.242, 0.087292249602
2.5448e+14, 6.071e+13, 0.400744, 1236.51, 559.732, 0.130426390046
6.5132e+13, 3.3785e+14, 0.207, 1754.17, 436.809, 0.0548008639239
1.2478e+14, 4.0837e+14, 0.511649, 759.817, 1958.77, 0.485368202541
8.1857e+13, 2.0483e+14, 0.486199, 415.492, 1835.04, 0.464117146781
7.2636e+13, 2.5004e+14, 0.35399, 1443.72, 465.616, 0.109587138839
1.9622e+14, 7.9551e+13, 0.571468, 1152.53, 582.411, 0.145731837384
2.7942e+14, 1.0456e+14, 0.126079, 1093.57, 1019.13, 0.0859567708656
7.8117e+13, 2.3322e+14, 0.302619, 1093.88, 1549.64, 0.240494606811
1.5924e+14, 3.5511e+14, 0.512605, 633.571, 605.465, 0.163601650126
2.144e+14, 8.3927e+13, 0.21345, 343.382, 1892.34, 0.210020298678
6.1651e+13, 2.582e+14, 0.347081, 1012.6, 1683.24, 0.293412510543
8.4498e+14, 6.2145e+13, 0.201881, 1761.39, 412.512, 0.0625765809166
6.8943e+13, 2.554e+14, 0.481348, 1387.16, 413.943, 0.118919914167
9.8887e+13, 2.1551e+14, 0.472546, 1120.12, 377.47, 0.138350689295
1.0089e+14, 3.7057e+14, 0.130924, 1475.27, 165.734, 0.0146162507957
3.3408e+14, 1.3339e+14, 0.128098, 1045.58, 1045.36, 0.0905694336137
3.684e+14, 1.2097e+14, 0.320045, 1463.99, 581.57, 0.118156262193
2.0735e+14, 7.3059e+13, 0.226089, 1400.8, 563.883, 0.105486613003
2.9475e+14, 6.6779e+13, 0.102903, 996.995, 1081.97, 0.0756743325008
2.1255e+14, 6.3063e+13, 0.23961, 1563.54, 130.955, 0.0451568555721
1.6799e+14, 3.9199e+14, 0.132439, 958.985, 1261.07, 0.10541989311
3.7652e+14, 1.652e+14, 0.376011, 1438.51, 204.568, 0.131685814823
2.6114e+14, 4.5931e+14, 0.450374, 22.1798, 2989.21, 0.450361602681
1.4555e+14, 6.7414e+13, 0.113653, 278.498, 1003.83, 0.109516364268
3.1581e+14, 6.6426e+13, 0.548198, 1183.78, 878.306, 0.249488179911
8.2939e+13, 2.169e+14, 0.267554, 1385.8, 417.275, 0.0642656677377
2.9678e+14, 1.1199e+14, 0.103441, 1366.17, 337.107, 0.0247811314013
6.3274e+13, 3.0205e+14, 0.856157, 1238.07, 305.167, 0.169672855966
8.7737e+13, 4.695e+14, 0.658019, 1723.55, 507.234, 0.178110021602
1.1467e+14, 2.6846e+14, 0.257457, 156.299, 1614.37, 0.256258768274
4.8124e+14, 6.2522e+13, 0.465503, 1783.8, 1585.51, 0.275280654556
1.8956e+14, 6.9461e+13, 0.193972, 1060.77, 535.327, 0.104423609727
1.2829e+14, 3.8922e+14, 0.292058, 1453.64, 957.626, 0.160850391131
1.6221e+14, 4.1107e+14, 0.686552, 1805.98, 546.171, 0.1694370909
1.4602e+14, 7.1084e+13, 0.0591608, 937.851, 141.71, 0.00883890885988
2.583e+14, 1.0557e+14, 0.354667, 1583.19, 1282.5, 0.198525349985
2.3877e+14, 7.8987e+13, 0.0516333, 476.245, 1206.3, 0.0480259780682
7.2024e+13, 2.1699e+14, 0.812357, -111.982, 428.017, 0.266298613616
8.8584e+13, 6.1374e+14, 0.784509, 1559.92, 237.01, 0.101689238376
1.7896e+14, 6.5297e+13, 0.425733, 1218.08, 910.703, 0.232475346819
7.1883e+13, 2.8833e+14, 0.0534416, -860.97, 810.68, 0.0915986102526
7.2424e+13, 5.1379e+14, 0.920353, 1549.52, 407.312, 0.321406102398
7.1307e+14, 1.0613e+14, 0.266993, 2383.23, 1244.47, 0.17947991221
2.6935e+14, 9.9898e+13, 0.282462, 1180.07, 864.087, 0.121724853686
4.1218e+14, 1.8119e+14, 0.0619112, 1074.87, 421.65, 0.0226091578077
1.0361e+14, 2.8231e+14, 0.12202, 1229.52, 743.498, 0.0631396929991
9.023e+13, 3.2787e+14, 0.51388, 1422.74, 1079.08, 0.324079177779
1.8923e+14, 4.3363e+14, 0.101686, 799.648, 1348.55, 0.0874651721891
1.9958e+14, 7.1436e+13, 0.369004, 1095.83, 405.913, 0.0961591032593
7.8869e+13, 4.4485e+14, 0.926346, 1611.58, 153.824, 0.0509548854282
2.6098e+14, 1.0058e+14, 0.294131, 1747.03, 726.671, 0.118916163657
6.3016e+13, 2.1466e+14, 0.459074, -337.179, 1405.52, 0.422817527832
5.4559e+14, 6.5391e+13, 0.898875, 863.406, 124.142, 0.144530229694
2.0582e+14, 5.5893e+14, 0.173139, 988.104, 1246.83, 0.135694326478
1.3509e+14, 4.3116e+14, 0.395329, 1553.28, 180.771, 0.0491117903902
6.5462e+13, 1.8601e+14, 0.430231, 694.916, 1214.81, 0.39392767783
1.1107e+14, 3.3768e+14, 0.625288, 879.02, 1369.11, 0.449303412449
9.6417e+13, 2.1342e+14, 0.0944588, 970.724, 545.94, 0.0463035447137
2.7295e+14, 8.2445e+13, 0.326806, 1559.92, 118.308, 0.0140561083097
1.8361e+14, 6.859e+13, 0.390512, 706.027, 1084.81, 0.311675168244
6.7838e+13, 4.2366e+14, 1.05606, -684.839, 224.365, 0.278353141585
6.8214e+13, 2.3075e+14, 0.318785, 1754.1, 568.677, 0.0868993828872
1.429e+14, 6.9366e+13, 0.485866, 270.999, 1452.05, 0.457796451326
1.9944e+14, 7.6164e+13, 0.113111, 1020.76, 536.674, 0.0526374063627
6.5554e+14, 1.038e+14, 0.462424, 2657.46, 493.224, 0.0818022143203
8.3033e+13, 2.4049e+14, 0.114232, 609.783, 1021.17, 0.0980765990566
8.3456e+13, 3.975e+14, 0.36664, 1841.49, 687.477, 0.0910414029796
2.8064e+14, 8.5385e+13, 0.431124, 1412.14, 1374.17, 0.290774834715
2.1751e+14, 6.8473e+13, 0.332593, 1284.93, 407.991, 0.0427457776322
8.3268e+13, 6.2239e+13, 0.340975, 1883.17, 3862.64, 0.306490225109
2.5634e+14, 6.899e+13, 0.117341, 558.013, 1636.25, 0.111060294966
6.9272e+13, 1.8314e+14, 0.904447, 140.97, 385.963, 0.208246259283
8.4068e+13, 3.044e+14, 0.760881, 869.558, 80.9687, 0.0481799220045
4.73e+14, 1.9448e+14, 0.361248, 1840.59, 900.614, 0.153043130309
8.6067e+13, 1.7489e+14, 0.457155, 686.715, 926.895, 0.345270234484
9.0842e+13, 4.5934e+14, 0.164502, 1254.77, 1286.69, 0.117772142491
9.5641e+13, 2.8546e+14, 0.339595, 1512.53, 278.609, 0.032237995678
3.7986e+14, 7.2401e+13, 0.114145, 33.6514, 1956.98, 0.114128128096
9.136e+13, 2.2755e+14, 0.323719, 169.989, 1712.38, 0.322135623917
1.5732e+14, 7.1813e+13, 0.501666, 1260.38, 171.493, 0.0360631886028
1.5301e+14, 3.9249e+14, 0.89562, 1536.05, 177.034, 0.0182063427173
4.0806e+14, 1.5414e+14, 0.436831, 1996.68, 190.33, 0.047504235298
3.1783e+14, 7.7905e+13, 0.456163, 1336.34, 692.501, 0.178579447548
9.971e+13, 2.9377e+14, 0.427317, 1460.2, 912.784, 0.152503986931
4.9801e+14, 6.5909e+13, 1.37652, -127.39, 70.0816, 0.125589409874
6.6991e+13, 1.8808e+14, 0.583099, 958.207, 593.995, 0.230373774632
1.5522e+14, 7.3553e+14, 0.29966, 1539.99, 896.38, 0.117628035423
2.217e+14, 8.7996e+13, 0.0842687, 950.516, 739.981, 0.0517660816614
3.047e+14, 6.4474e+13, 0.333473, 881.795, 2114.65, 0.307785520547
2.2005e+14, 6.9202e+13, 0.188399, 1342.66, 182.09, 0.0574735399627
1.0663e+14, 2.5688e+14, 0.479822, 1137.06, 408.2, 0.13929919183
4.273e+14, 1.3034e+14, 0.490091, 40.7752, 2166.34, 0.490004209874
7.7011e+13, 2.8796e+14, 0.515241, 1515.09, 1143.64, 0.292036183687
1.9723e+14, 7.1672e+13, 0.351461, 905.787, 763.145, 0.140326536002
8.5456e+13, 1.2622e+14, 0.105854, 334.239, 1026.45, 0.100652217255
2.2508e+14, 9.1712e+13, 0.411218, 1128.14, 1449.13, 0.290309006911
8.4585e+13, 2.7761e+14, 0.106719, 1484.59, 214.352, 0.0152504424457
2.4174e+14, 8.4491e+13, 0.136664, 842.709, 171.09, 0.0483762154986
5.1739e+14, 3.0002e+14, 0.183848, 4.87523, 1751.66, 0.183847287939
6.7654e+14, 8.9243e+13, 0.721266, 1071.91, 111.077, 0.109013698194
1.2495e+14, 6.0875e+13, 0.441263, 1040.78, 1264.39, 0.259379643222
1.5047e+14, 1.0319e+14, 0.38746, -331.704, 1244.53, 0.413336578121
1.2598e+14, 7.0731e+13, 0.354635, 955.037, 786.632, 0.181001924316
3.501e+14, 8.0751e+13, 0.504769, -1096.45, 229.371, 0.307042357254
3.9411e+14, 1.154e+14, 0.62639, 1454.82, 36.8149, 0.0513985812149
3.2698e+14, 1.067e+14, 0.44833, 450.688, 2177.62, 0.439025985759
6.0452e+13, 9.3662e+14, 0.589109, 1825.1, 1362.38, 0.321429521811
1.6903e+14, 6.1863e+13, 0.219868, 1513.07, 102.46, 0.0148547003378
4.1194e+14, 1.0439e+14, 0.767594, 1345.18, 570.491, 0.261877023862
7.9528e+13, 2.2289e+14, 0.178146, 1178.39, 702.443, 0.131185032369
9.8651e+13, 2.7408e+14, 0.266083, 950.171, 1439.71, 0.216901728882
3.314e+14, 7.8517e+13, 0.343657, 1115.36, 2215.98, 0.309321074561
6.9202e+13, 2.4286e+14, 0.136015, 437.615, 1315.03, 0.129056586262
2.698e+14, 6.0993e+13, 0.264197, -1135.35, 364.496, 0.228400848803
2.9873e+14, 1.0615e+14, 0.659166, 1905.23, 293.236, 0.0478096204394
1.6186e+14, 7.4024e+13, 0.304375, 1102.83, 911.756, 0.213209080809
4.1225e+14, 9.016e+13, 0.665856, 1508.18, 1140.46, 0.338105150335
7.894e+13, 3.055e+14, 0.361939, 496.867, 1602.93, 0.344059369859
6.5085e+13, 6.3119e+14, 0.25632, 1068.43, 91.4668, 0.0119512896929
6.6356e+13, 1.6931e+14, 0.316601, 832.357, 1165.78, 0.255566730878
1.5971e+14, 6.8637e+13, 0.102103, 1182.18, 323.207, 0.026926661689
3.0089e+14, 1.6381e+14, 0.497393, 420.536, 1615.15, 0.493351218728
2.9605e+14, 1.0383e+14, 0.0938083, 909.881, 1107.18, 0.0724749158825
3.5803e+14, 7.4377e+13, 0.269288, 1693.14, 458.571, 0.0451325138167
1.8926e+14, 9.0113e+13, 0.548179, 1832.77, 304.852, 0.0239554725645
7.2612e+13, 1.6454e+14, 0.767743, 849.369, 793.135, 0.451354411794
3.7106e+14, 6.5744e+13, 0.573062, 1970.27, 832.625, 0.209553549579
2.6173e+14, 7.6729e+13, 0.35934, 1723.68, 397.118, 0.070572589092
1.1592e+14, 2.8003e+14, 0.258263, 1492.67, 299.028, 0.0555032898988
4.6915e+14, 8.7361e+13, 0.732189, 901.603, 483.348, 0.307940366624
6.2639e+13, 2.0041e+14, 0.427149, 862.733, 1382.03, 0.364997078851
1.015e+14, 2.5714e+14, 0.368249, 884.409, 1040.1, 0.162113544391
7.9222e+13, 4.6621e+14, 0.578575, 1058.54, 1424.91, 0.391543810198
5.4037e+14, 6.5132e+13, 0.632373, 2163.39, 674.582, 0.160719447495
1.6376e+14, 6.979e+13, 0.05, 836.182, 827.066, 0.035161033913
1.5433e+14, 3.307e+14, 0.301896, 2268.21, 261.65, 0.0521840533247
2.9087e+14, 9.4535e+13, 0.647611, 1892.66, 497.948, 0.162923206554
1.1356e+14, 9.2994e+14, 0.641708, 2315.76, 692.068, 0.141000977776
4.5214e+14, 1.2196e+14, 0.382753, 45.8614, 2300.73, 0.382676980937
9.2042e+13, 3.0087e+14, 0.3064, 1252.1, 1018.61, 0.226250757659
3.3728e+14, 9.9945e+13, 0.145945, 1067.32, 631.375, 0.0743063235379
3.1465e+14, 6.5391e+13, 0.164012, -821.316, 348.346, 0.107652303226
8.4115e+13, 1.377e+14, 0.620932, 799.534, 783.684, 0.433839578913
1.7442e+14, 8.3903e+13, 0.579137, 1455.54, 384.141, 0.173580340626
2.1487e+14, 7.9058e+13, 0.299548, 1101.65, 1062.88, 0.225938226591
1.9709e+14, 9.8957e+13, 0.217715, 883.981, 727.407, 0.139122708297
4.3205e+14, 2.1617e+14, 0.439933, 1499.94, 964.448, 0.283393089323
7.1836e+13, 4.4619e+14, 0.28931, 1607.47, 1306.67, 0.182487274467
5.2913e+14, 9.3429e+13, 0.0680074, -1032.52, 1203.13, 0.0240618990923
1.6465e+14, 6.8802e+13, 0.109545, 797.165, 908.547, 0.0823427374848
3.222e+14, 1.0524e+14, 0.0787401, 143.772, 1568.08, 0.0784112101249
1.5692e+14, 6.5556e+13, 0.246108, 719.612, 1023.06, 0.18615116575
1.2732e+14, 2.0224e+14, 0.301206, 760.162, 595.218, 0.116059665903
7.4471e+13, 3.8616e+14, 0.544334, 1309.08, 475.854, 0.107800512344
9.1642e+13, 2.7206e+14, 0.304008, 1375.55, 327.266, 0.0604033274226
1.7435e+14, 7.4729e+13, 0.0519615, 1013.16, 138.707, 0.00704806157605
8.0892e+13, 1.6073e+14, 0.364314, 970.429, 964.236, 0.261547964145
2.1873e+14, 9.0348e+13, 0.267711, 1226.45, 111.247, 0.014722320428
1.3104e+14, 6.2263e+13, 0.297146, 150.143, 1377.38, 0.266463926153
9.6746e+13, 3.1717e+14, 0.534779, 2112.33, 644.403, 0.162092774328
1.3906e+14, 7.6611e+13, 0.103441, -557.148, 119.331, 0.0947964545631
6.6379e+13, 1.6244e+14, 0.300998, 1076.48, 455.838, 0.157771438141
1.6301e+14, 6.008e+14, 0.128452, 538.557, 1592.18, 0.12167955101
3.0059e+14, 8.0892e+13, 0.111194, 500.557, 1323.14, 0.104000576157
6.2404e+13, 1.6677e+14, 0.263977, 1701.84, 246.885, 0.0661301449709
3.4766e+14, 1.2723e+14, 0.332309, 1073.29, 236.606, 0.0326195914552
1.2565e+14, 4.1145e+14, 0.0860233, 822.647, 1638.23, 0.0768751676341
3.2366e+14, 1.8676e+14, 0.532387, 1281.67, 137.236, 0.260109255389
2.3256e+14, 7.2142e+13, 0.222261, -1068.73, 523.858, 0.38261159131
3.9552e+14, 1.2751e+14, 0.0591608, 332.48, 1610.06, 0.0579383654714
2.7201e+14, 1.1335e+14, 0.568946, 658.145, 831.469, 0.0856586602483
3.2042e+14, 8.9243e+13, 0.164317, 1241.09, 1273.9, 0.11769543448
7.6352e+13, 2.5159e+14, 0.216289, 1513.81, 1042.29, 0.11849549281
7.4541e+13, 2.0431e+14, 0.128332, 1178.24, 130.122, 0.0140870326795
2.3543e+14, 6.024e+13, 0.525366, 1049.64, 473.131, 0.284206598408
8.315e+13, 3.4377e+14, 0.341051, 1513.34, 646.131, 0.105764715355
8.0657e+13, 2.1901e+14, 0.332199, 1317.62, 928.838, 0.18461309944
3.732e+14, 1.1448e+14, 0.647633, 1342.31, 78.7511, 0.0373104894494
2.6022e+14, 1.1375e+14, 0.227176, 1509.2, 419.96, 0.0829972190016
1.1914e+14, 4.2516e+14, 0.358608, -1422.75, 200.946, 0.067341730555
6.9461e+13, 3.939e+14, 0.545985, 1200.52, 327.097, 0.0438153928487
5.0257e+14, 9.3994e+13, 0.672086, 1591.39, 623.221, 0.204931873014
3.5332e+14, 6.2851e+13, 0.839676, 541.167, 1116.16, 0.45142014644
4.2293e+14, 6.6708e+13, 0.377751, -1138.37, 574.189, 0.255917020422
5.201e+14, 1.4395e+14, 0.655729, 1695.51, 640.456, 0.196990373052
1.5953e+14, 4.3974e+14, 0.343074, 1389.65, 1212.31, 0.231717996814
9.5923e+13, 1.8218e+14, 0.211187, 73.1276, 1441.68, 0.210915840381
2.5258e+14, 9.597e+13, 0.498707, 1621.16, 627.941, 0.182412738897
2.7605e+14, 1.0122e+14, 0.188414, 1264.29, 466.558, 0.0455465009471
7.7058e+13, 1.7818e+14, 0.336303, 760.669, 953.323, 0.140581663095
5.546e+14, 1.5433e+14, 0.234173, 1568.67, 247.899, 0.0516147821081
3.445e+14, 1.1248e+14, 0.3135, 1856.32, 273.342, 0.0454133316983
8.0869e+13, 2.0706e+14, 0.527619, 264.251, 1722.8, 0.460951242739
6.2733e+13, 1.8326e+14, 0.261431, 1054.83, 1104.1, 0.189029186505
1.8063e+14, 6.485e+13, 0.352846, 1227.46, 189.699, 0.0644620439906
2.3515e+14, 7.4729e+13, 0.227596, -1112.36, 92.6472, 0.09708127091
4.4094e+14, 1.15623e+14, 1.08033, 893.571, 808.724, 0.139711002436
2.1464e+14, 7.0684e+13, 0.124097, 887.696, 1276.04, 0.101871274017
1.3224e+14, 2.4595e+14, 0.173494, 1003.35, 620.35, 0.0912373295221
6.5932e+13, 1.9039e+14, 0.190641, 269.396, 2023.84, 0.188974170147
6.899e+13, 1.739e+14, 0.153948, 1266.53, 490.278, 0.0983846907784
3.1522e+14, 6.7438e+13, 0.332566, 1568.88, 1197.58, 0.209238813025
2.6213e+14, 1.0427e+14, 0.22891, 1207.4, 192.885, 0.0291127530987
3.3399e+14, 6.5227e+13, 0.453184, 681.814, 1404.65, 0.347767804213
8.0986e+13, 5.7062e+14, 0.664633, 1472.28, 881.889, 0.289372693506
6.4897e+13, 2.0532e+14, 0.338378, 854.708, 1430.72, 0.262628053327
3.9816e+14, 6.5956e+13, 0.348867, 1490.02, 948.539, 0.151643905657
2.5256e+14, 7.3906e+13, 0.484377, 1082.11, 131.74, 0.0174782987639
2.665e+14, 8.562e+13, 0.437379, 1430.7, 1052.89, 0.263630924175
1.9201e+14, 9.7922e+13, 0.31805, 1402.14, 954.353, 0.177852245271
1.5769e+14, 6.4403e+13, 0.568128, 1000.23, 685.837, 0.173555760388
2.1297e+14, 8.2209e+13, 0.361248, 1253.1, 226.687, 0.0169811360322
2.0866e+14, 7.6517e+13, 0.247372, 1352.41, 378.923, 0.0655399206517
8.9148e+13, 1.0171e+15, 1.2121, 545.941, 289.047, 0.227990100386
3.88e+14, 1.8178e+14, 0.328786, 1536.59, 653.632, 0.136004920149
1.2336e+15, 6.1228e+13, 1.01415, 1903.28, 200.503, 0.155599421032
1.906e+14, 8.7737e+13, 0.17375, 1281.5, 827.487, 0.0691129639967
7.7952e+13, 2.0913e+14, 0.0996193, 774.23, 1147.25, 0.0825747897585
2.7989e+14, 1.0564e+14, 0.277748, 570.898, 1562.24, 0.26087467237
8.5032e+13, 2.9866e+14, 0.579918, 1313.15, 231.998, 0.0588365423121
3.31e+14, 8.9054e+13, 0.514539, 776.493, 642.573, 0.161154406945
8.4538e+13, 2.0295e+14, 0.264102, 333.152, 1647.08, 0.258859786742
3.959e+14, 1.0959e+14, 0.488365, 1334.26, 718.17, 0.170052526517
2.3296e+14, 6.9037e+13, 0.431972, 1812.93, 472.714, 0.127679654811
9.2371e+13, 4.6068e+14, 0.350892, 234.654, 1594.48, 0.34715282436
6.1816e+13, 1.6385e+14, 0.48229, 799.067, 115.179, 0.0534263577794
6.5156e+13, 3.1364e+14, 0.354965, 1746.15, 348.367, 0.102955159279
4.4762e+14, 8.5079e+13, 0.565155, 1736.3, 380.649, 0.0658141569706
2.8424e+14, 9.5735e+13, 0.504615, 1663.37, 526.955, 0.107849262705
1.738e+14, 6.0946e+13, 0.331747, 374.854, 1316.72, 0.307333043475
7.8705e+13, 1.8587e+14, 0.349571, 868.322, 1633.29, 0.32961459916
3.4514e+14, 8.8396e+13, 0.603407, 1645.19, 1403.39, 0.335201200226
5.2268e+14, 6.7979e+13, 0.679423, 1321.02, 374.816, 0.12384548422
1.5085e+14, 6.6756e+13, 0.108333, 66.4864, 1305.57, 0.108192798593
8.5691e+13, 1.8328e+14, 0.203059, 1163.97, 124.938, 0.029861681055
9.1901e+13, 2.4364e+14, 0.446143, 1488.24, 505.299, 0.0914383290444
1.0281e+14, 1.8592e+14, 0.325423, 834.469, 221.015, 0.0478116922516
3.2138e+14, 1.3349e+14, 0.494195, 1851.98, 648.453, 0.236623976659
5.0808e+14, 9.1642e+13, 0.847644, 1200.44, 547.587, 0.28768533222
2.0401e+14, 9.6605e+13, 0.304526, 243.68, 1578.86, 0.300962543235
3.028e+14, 1.1683e+14, 0.382732, 1796.66, 1189.35, 0.211264534737
6.8543e+13, 2.0852e+14, 0.434425, 1410.66, 392.152, 0.112172794129
1.1766e+14, 2.4569e+14, 0.30672, 1422.73, 238.2, 0.117878046976
3.1783e+14, 1.3071e+14, 0.238604, 1261.36, 144.135, 0.0462180716028
2.6942e+14, 1.0338e+14, 0.443854, 1288.57, 572.676, 0.14302571488
1.4948e+14, 3.287e+14, 0.544151, -1383.46, 1272.06, 0.32378810729
8.4376e+14, 1.5014e+14, 0.654037, 1862.83, 1375.0, 0.329552077838
9.6911e+13, 2.5528e+14, 0.416625, 1139.24, 802.925, 0.181795673255
6.6897e+13, 2.7133e+14, 0.193845, 1381.7, 1137.82, 0.114148577554
1.4765e+14, 3.1607e+14, 0.622495, 1828.45, 622.518, 0.0773448155991
1.937e+14, 9.764e+13, 0.382753, 1179.32, 421.929, 0.134322959078
1.5847e+14, 8.2798e+13, 0.224772, 1385.74, 93.7862, 0.0318009768658
8.5627e+14, 8.3762e+13, 0.315595, 2650.24, 657.796, 0.0511113567889
2.0897e+14, 6.9813e+13, 0.247588, 176.449, 1466.27, 0.245814528437
7.5964e+14, 7.8375e+13, 1.26315, 96.2259, 221.893, 0.427657132178
7.5365e+13, 1.9893e+14, 0.285876, 1117.37, 524.28, 0.0931453431549
2.141e+14, 8.8184e+13, 0.0969536, 1110.3, 722.762, 0.0528934637381
2.6394e+14, 6.4474e+13, 0.346712, 1264.48, 92.3204, 0.0312232885897
3.2364e+14, 6.2874e+13, 0.11876, 1060.54, 1438.75, 0.0955954701773
1.8335e+14, 8.2045e+13, 0.250599, 1469.74, 238.358, 0.0753534884554
9.1948e+13, 2.0064e+14, 0.728629, 908.691, 1108.59, 0.406191967514
3.3898e+14, 1.4358e+14, 0.220907, 1819.53, 133.627, 0.0336347989998
7.1272e+13, 1.7976e+14, 0.42181, 1419.02, 1061.0, 0.23887319561
7.3342e+13, 3.3286e+14, 0.576993, 1235.52, 329.549, 0.145733773332
6.3651e+13, 1.5106e+14, 0.322645, 1492.6, 722.121, 0.093312189054
1.5198e+14, 7.4588e+13, 0.355668, 996.366, 968.972, 0.229862732828
3.7191e+14, 6.3509e+13, 0.26898, 1230.02, 1606.32, 0.193346414329
6.0967e+14, 1.1145e+14, 0.56696, 1542.94, 179.417, 0.0808584507653
3.9733e+14, 1.0345e+14, 0.711407, 1444.24, 227.281, 0.102435089663
1.4426e+14, 5.6535e+14, 0.588718, 1609.71, 1455.82, 0.348573276435
7.5553e+13, 2.3089e+14, 0.380526, 1208.16, 332.017, 0.0758759484107
3.6153e+14, 6.986e+13, 0.269906, 2041.24, 362.589, 0.0472049251514
1.0917e+14, 2.5917e+14, 0.0485798, 624.228, 1158.62, 0.0427676280607
1.8754e+14, 6.1581e+13, 0.153297, 1409.55, 23.0455, 0.0144179700735
2.7373e+14, 1.3198e+14, 0.494544, -136.975, 1658.91, 0.459427014729
1.1705e+14, 3.0703e+14, 0.533479, 1261.38, 167.982, 0.146032144737
6.6003e+13, 1.8117e+14, 0.414488, 1149.15, 491.852, 0.124248445136
8.6326e+13, 2.1057e+14, 0.36115, 1502.05, 239.024, 0.0827197065965
8.4679e+13, 1.7021e+14, 0.119151, 1171.06, 410.855, 0.0394457352445
3.5725e+14, 1.1074e+14, 0.270924, 1588.33, 308.394, 0.0821479216652
2.1977e+14, 8.2445e+13, 0.254381, 1376.64, 182.814, 0.0301008037383
1.9803e+14, 9.5852e+13, 0.156101, 1320.14, 563.246, 0.0982600727674
1.6115e+15, 8.1057e+13, 1.06996, 1812.3, 1120.59, 0.290226053184
1.9203e+14, 1.0284e+14, 0.498397, 1074.96, 849.783, 0.228802999544
7.5647e+13, 6.8454e+14, 1.16424, 1211.12, 451.152, 0.126629815754
2.2593e+14, 7.4659e+13, 0.261207, 208.762, 2092.24, 0.259916355674
8.8419e+13, 1.6908e+14, 0.202536, 210.932, 1290.12, 0.199882037261
1.3913e+14, 6.9649e+13, 0.161133, 1144.98, 136.643, 0.0481052962725
2.2198e+14, 8.5926e+13, 0.328786, 1610.14, 471.307, 0.11265539466
2.5232e+14, 7.5223e+13, 0.333617, 1474.64, 936.213, 0.140931733208
6.3227e+13, 2.8683e+14, 0.382258, 1330.43, 1100.37, 0.260308440422
6.2686e+13, 3.6713e+14, 0.536913, 1089.29, 631.386, 0.130611985708
6.0263e+13, 1.6129e+14, 0.205719, 1369.61, 1079.32, 0.127330759002
2.0986e+14, 7.0637e+13, 0.462277, 999.526, 50.6725, 0.0801762642968
1.1211e+14, 3.1708e+14, 0.644438, 1065.45, 1382.45, 0.387617965956
6.2122e+13, 2.9497e+14, 0.684594, 1376.26, 839.342, 0.340446259043
7.8023e+13, 1.858e+14, 0.273679, 1390.86, 295.071, 0.0569723588251
3.3486e+14, 6.3392e+13, 0.615627, 1225.11, 206.577, 0.0272422020702
3.5892e+14, 1.0543e+14, 0.536795, 1844.68, 421.475, 0.155013902038
6.5415e+13, 1.6482e+14, 0.801187, 920.896, 203.12, 0.172066815616
7.5859e+13, 3.0174e+14, 0.55104, 1473.91, 547.151, 0.173070487309
6.0162e+14, 7.5012e+13, 0.209437, -1502.29, 482.629, 0.054065905931
2.0523e+14, 1.0724e+14, 0.298647, 179.036, 1864.07, 0.297278980197
1.2507e+14, 3.494e+14, 0.38806, 1482.78, 945.178, 0.187904584706
2.7236e+14, 8.7173e+13, 0.137477, 684.555, 1525.44, 0.125426412727
6.5156e+13, 1.4976e+14, 0.239583, 1494.98, 145.787, 0.0310862918923
7.7199e+13, 2.073e+14, 0.288791, 476.365, 1860.59, 0.279767050815
4.8084e+14, 1.9128e+14, 0.382361, 1593.77, 419.154, 0.0816096539875
1.8455e+14, 8.9101e+13, 0.42, 1291.58, 94.4117, 0.072898896251
2.2447e+14, 1.3022e+14, 0.284248, 1202.04, 1137.21, 0.190838376652
3.3691e+14, 8.4021e+13, 0.462412, 1488.5, 1091.7, 0.187771181316
2.5898e+14, 6.3039e+13, 0.923866, 1172.05, 575.649, 0.2327776588
1.8406e+14, 6.4121e+13, 0.435808, 335.869, 1464.85, 0.415601682235
1.173e+14, 3.1774e+14, 0.511927, 1808.84, 948.079, 0.240423993799
3.3091e+14, 1.3125e+14, 0.088227, 1066.16, 573.656, 0.0418041021949
1.0797e+14, 2.6707e+14, 0.269258, 1094.12, 1414.48, 0.178818192263
2.5526e+14, 1.1926e+14, 0.274155, 1534.99, 151.013, 0.0362747963255
1.7554e+14, 1.4835e+15, 0.462541, 2824.56, 1232.0, 0.220512467568
7.2671e+14, 6.4827e+13, 0.753504, -705.947, 264.239, 0.0837291459893
1.1295e+14, 4.4388e+14, 0.573726, 1694.67, 322.916, 0.0822267999825
8.181e+13, 2.499e+14, 0.699661, 1054.9, 712.473, 0.279612165813
3.3592e+14, 6.3274e+13, 0.367287, 1190.68, 914.635, 0.179095012083
1.0968e+14, 3.5194e+14, 0.300992, 1676.7, 430.282, 0.0712746099907
8.7996e+13, 2.1118e+14, 0.153506, 148.743, 1547.08, 0.152801396667
1.7364e+14, 6.2077e+14, 0.247653, -1605.34, 100.257, 0.242472737998
8.56435e+13, 1.9742e+14, 0.142635, -1289.97, 1510.37, 0.117842690425
2.3204e+14, 6.238e+13, 0.294958, 542.992, 1901.6, 0.283621874436
1.0677e+14, 3.7842e+14, 0.122584, 1167.19, 354.901, 0.0356613381877
1.2415e+14, 7.9824e+14, 0.846421, 1584.92, 778.862, 0.345172157887
3.4777e+14, 6.7155e+13, 0.21934, -1197.91, 536.222, 0.161945211717
8.0187e+13, 7.2234e+14, 0.753724, 1617.41, 450.193, 0.184861976025
6.17293e+13, 3.1599e+14, 0.560892, -2220.86, 503.543, 0.489443854319
1.7604e+14, 9.0113e+13, 0.522781, -1357.82, 679.794, 0.174484841883
3.7621e+14, 1.4238e+14, 0.35805, 1152.93, 1480.5, 0.275840968524
7.567e+13, 3.4072e+14, 0.298332, 1719.95, 251.02, 0.0306162046296
6.7767e+13, 4.6e+14, 0.77, 1168.37, 660.121, 0.292183045144
2.8339e+14, 6.2804e+13, 0.568859, 1378.14, 158.873, 0.054510838441
1.5322e+14, 3.5751e+14, 0.536377, 1238.4, 196.771, 0.0709132917777
1.6647e+14, 7.4706e+13, 0.538698, 767.875, 871.731, 0.277764342054
7.6352e+13, 2.0563e+14, 0.375899, 1331.45, 144.857, 0.0414619146106
2.041e+14, 7.6752e+13, 0.492443, 982.151, 1284.61, 0.313196072668
8.0281e+13, 8.3167e+14, 1.01571, 2377.83, 577.467, 0.311685467852
2.8735e+14, 6.1157e+13, 0.322969, 1353.12, 1382.34, 0.245089303136
3.4744e+14, 6.5509e+13, 0.513565, 1723.87, 983.57, 0.224695027508
1.0063e+14, 3.0494e+14, 0.372411, 1735.86, 348.188, 0.0504127927442
4.313e+14, 8.9313e+13, 1.14823, 795.783, 566.943, 0.314918044031
1.7536e+14, 6.0052e+13, 0.420238, 715.748, 1381.11, 0.33435843832
1.6715e+14, 6.8896e+13, 0.246171, 1261.02, 238.54, 0.0457553319904
2.618e+14, 6.5462e+13, 0.161273, 1349.54, 857.863, 0.0865163812914
1.2156e+14, 1.8034e+14, 0.636082, 756.057, 631.636, 0.394532958179
7.5506e+13, 2.6284e+14, 0.250799, 1572.24, 1123.63, 0.126854374925
1.0366e+14, 3.3916e+14, 0.416653, 1422.51, 1237.71, 0.220275163165
3.1171e+14, 1.0098e+14, 0.481144, 1706.58, 458.906, 0.0741502038211
2.2936e+14, 7.0002e+13, 0.264953, 1501.76, 296.676, 0.0499357271373
9.7057e+14, 1.7926e+14, 0.675092, 2013.19, 380.1, 0.100011247314
7.0919e+13, 3.2209e+14, 0.786581, 899.502, 636.159, 0.214853456674
2.463e+14, 6.9343e+13, 0.373277, 1309.64, 262.201, 0.0754728459958
1.627e+14, 4.369e+14, 0.219545, 1481.25, 990.674, 0.122052241301
2.4912e+14, 9.4629e+13, 0.170553, 1577.57, 295.934, 0.0314452947759
3.3314e+14, 1.0613e+14, 0.0848528, -966.509, 286.852, 0.0575517812301
1.4617e+14, 3.2886e+14, 0.402772, 1436.45, 1345.75, 0.265456562625
8.7761e+13, 2.2619e+14, 0.616994, 913.964, 609.711, 0.188368618809
6.2286e+13, 3.7033e+14, 0.212132, -1046.79, 283.409, 0.243006554024
1.2107e+14, 3.7976e+14, 0.449285, 1349.9, 1281.14, 0.287041685134
9.3759e+13, 4.6244e+14, 0.525642, 1844.39, 1121.43, 0.261121530328
2.5037e+14, 9.6864e+13, 0.182225, 1343.48, 696.983, 0.0656127976377
6.1604e+13, 1.6844e+14, 0.247184, 1344.36, 768.164, 0.162467704937
6.5979e+13, 2.2687e+14, 0.312416, 1083.01, 1014.93, 0.201049582675
8.2327e+13, 4.2114e+14, 0.530377, 1840.87, 687.084, 0.22266023621
1.6049e+14, 5.4613e+14, 0.0994987, 1734.82, 888.968, 0.0453752966412
4.3257e+14, 1.5407e+14, 0.552036, 1518.9, 990.896, 0.273158944953
9.9522e+13, 1.257e+15, 0.8228, 2630.59, 219.71, 0.0520360823421
4.4798e+14, 8.3738e+13, 0.394108, 1452.51, 1349.47, 0.257623515092
3.888e+14, 6.3815e+13, 0.593717, 1716.51, 415.115, 0.479335492085
1.1832e+14, 5.3557e+14, 0.58826, 1722.34, 299.579, 0.0949504314276
2.3538e+14, 7.4141e+13, 0.61283, 1635.72, 79.6636, 0.0854424752058
7.9575e+13, 2.1031e+14, 0.289891, 1380.04, 131.983, 0.0307500200609
1.4445e+14, 7.4e+13, 0.270924, 1502.5, 94.2176, 0.0169555875864
1.2255e+14, 6.445e+13, 0.263896, 767.245, 355.343, 0.108793392454
8.5056e+13, 6.0877e+14, 0.5946, -1338.87, 849.944, 0.301375129907
6.9249e+13, 3.3818e+14, 0.844497, 251.741, 1030.83, 0.43240566227
4.2561e+14, 6.7344e+13, 0.0764788, -1512.41, 84.7769, 0.146946715369
8.6326e+13, 1.8858e+14, 0.429651, 940.313, 1008.13, 0.261516518708
9.5523e+13, 2.6632e+14, 0.371349, 1613.62, 275.394, 0.040650688624
9.1924e+13, 2.5761e+14, 0.444383, 954.409, 1137.46, 0.321247504943
4.8502e+14, 1.6021e+14, 0.521249, 1605.76, 211.246, 0.0657749177668
5.2892e+14, 1.6837e+14, 0.423071, 1975.55, 776.664, 0.183843285482
6.6944e+13, 3.8849e+14, 0.219317, 421.02, 1232.2, 0.2075367635
1.7418e+14, 7.8705e+13, 0.25749, 919.362, 1140.99, 0.204019756075
6.3745e+13, 3.9517e+14, 0.164012, 924.065, 1681.21, 0.14373159666
6.4394e+14, 1.2516e+14, 0.73885, 1763.71, 87.8958, 0.0608994559715
4.8354e+14, 1.0319e+14, 0.54, 1730.01, 858.988, 0.191225112194
8.2468e+13, 1.8615e+14, 0.321254, 991.327, 992.825, 0.231567880974
2.0474e+14, 6.9437e+13, 0.299833, 826.175, 1610.24, 0.214048415891
6.5438e+13, 2.3753e+14, 0.662487, 830.251, 829.581, 0.288990290185
1.0105e+14, 3.4495e+14, 1.39216, 779.931, 428.308, 0.264628049636
5.7791e+14, 8.5691e+13, 0.908295, 1366.83, 1175.02, 0.449165364915
6.0875e+13, 2.4853e+14, 0.580022, 991.341, 619.728, 0.257102186554
2.4131e+14, 8.7267e+13, 0.25807, 1196.17, 1221.71, 0.168505567601
7.2824e+13, 1.4363e+14, 0.651537, 1176.01, 299.399, 0.114519525516
8.7196e+13, 2.5813e+14, 0.195192, 1479.98, 787.798, 0.0734105628992
7.527e+13, 4.3466e+14, 0.824748, 976.34, 237.935, 0.0949778204185
1.7322e+14, 6.7626e+13, 0.128062, 1309.85, 166.365, 0.0161356206376
5.6542e+14, 1.2878e+14, 0.367831, 1524.52, 782.155, 0.157132436473
6.307e+14, 2.291e+14, 0.452659, -1907.61, 749.019, 0.205941788051
2.5105e+15, 4.7966e+14, 0.347131, 3335.97, 361.561, 0.0993620932046
7.727e+13, 2.7954e+14, 0.128841, 796.029, 1455.64, 0.113042163676
1.3824e+14, 6.4968e+13, 0.331928, 981.32, 570.713, 0.138542938332
2.2355e+14, 7.7176e+13, 0.433503, 1484.81, 264.371, 0.0619032524862
8.3574e+13, 3.7527e+14, 0.343913, 1503.17, 1327.38, 0.203345417135
7.0566e+13, 1.8735e+14, 0.527826, 1091.67, 262.215, 0.110806409002
1.4913e+14, 6.8402e+13, 0.382361, -202.127, 1699.39, 0.276404817096
1.7199e+14, 6.4733e+13, 0.288617, 1276.87, 719.685, 0.175133200727
3.3415e+14, 8.2821e+13, 0.0838868, -1001.39, 154.665, 0.0316443883557
5.0885e+14, 8.642e+13, 0.589393, -1021.52, 748.358, 0.187988985529
9.8157e+13, 3.246e+14, 0.378789, 1701.36, 434.801, 0.0237121867946
3.2743e+14, 1.8662e+14, 1.03711, 422.066, 182.123, 0.199398459787
3.1461e+14, 6.7743e+13, 0.37225, 1493.13, 1190.51, 0.238034267991
6.5871e+14, 6.3016e+13, 0.578598, 2139.86, 808.493, 0.19670704301
4.0345e+14, 7.2166e+13, 0.581775, 1394.46, 565.61, 0.183443512911
1.8754e+14, 6.2286e+13, 0.346433, 1248.74, 48.3178, 0.0182008205638
5.0427e+14, 2.2252e+14, 0.382358, 37.0151, 2459.69, 0.382314712398
2.2598e+14, 7.2542e+13, 0.746525, 987.365, 162.969, 0.0325522675124
6.8308e+13, 1.8133e+14, 0.153362, 728.036, 1148.35, 0.129525009589
6.6638e+13, 1.9295e+14, 0.821584, -174.983, 433.805, 0.244428893818
2.1466e+14, 6.7767e+13, 0.551715, 810.754, 1145.88, 0.346333631915
3.1748e+14, 8.14177e+13, 0.714673, 1162.79, 552.314, 0.0641891135184
1.9704e+14, 6.1251e+13, 0.113864, 1428.92, 430.223, 0.0354832481553
1.0218e+14, 2.7173e+14, 0.190882, 1770.58, 143.51, 0.0258134299588
1.1331e+14, 2.7817e+14, 0.211896, 529.644, 1702.74, 0.202333611954
3.5674e+14, 6.5344e+13, 0.126886, -1046.06, 575.416, 0.1557959823
1.3316e+14, 6.8261e+13, 0.33315, 1322.05, 68.4292, 0.0481975533813
4.5856e+14, 9.6864e+13, 0.386523, 1476.72, 1566.34, 0.29514341518
3.2693e+14, 8.6679e+13, 0.733054, 1676.63, 714.351, 0.183910756888
3.1825e+14, 6.1228e+13, 0.510153, 639.805, 447.205, 0.155873264936
1.8869e+14, 6.8473e+13, 0.156525, 989.599, 115.296, 0.0181138580483
2.9894e+14, 6.4897e+13, 0.417013, 1652.92, 627.182, 0.169833720802
6.9517e+14, 7.4659e+13, 0.850647, 967.175, 445.745, 0.235616469857
8.7972e+13, 3.0162e+14, 0.513713, 1611.6, 181.043, 0.0882371268876
3.713e+14, 6.3462e+13, 0.428486, 726.445, 1491.76, 0.355838603277
3.4375e+14, 1.0016e+14, 0.69255, 1709.99, 1010.99, 0.274816607156
2.1426e+14, 7.4188e+13, 0.198806, 1601.57, 385.35, 0.0601007653555
2.2334e+14, 9.5452e+13, 0.188862, -1477.86, 171.814, 0.0412151649941
7.1225e+13, 4.0023e+14, 0.455126, 1880.12, 190.561, 0.0261285864253
1.3558e+14, 3.2717e+14, 0.697292, 947.171, 821.225, 0.379595150321
3.1411e+14, 1.1338e+14, 0.309354, 1678.08, 274.738, 0.0666842755411
8.1786e+13, 7.7152e+14, 0.685718, 1923.95, 676.031, 0.173723036575
6.0122e+13, 4.64e+14, 0.455522, 1760.07, 580.656, 0.135027767299
5.8323e+14, 1.9686e+14, 0.731137, 1327.39, 1169.37, 0.382717140817
6.9249e+13, 1.9521e+14, 0.0916515, 527.668, 1302.65, 0.084946879881
3.4984e+14, 1.2328e+14, 0.307664, 2175.08, 488.412, 0.0494281702469
3.4276e+14, 6.9955e+13, 0.386782, 1745.33, 286.32, 0.0370074731941
2.0314e+14, 7.647e+13, 0.286356, 499.871, 1532.15, 0.25114811121
7.5459e+13, 4.2175e+14, 0.873926, 541.302, 98.1223, 0.199499412353
3.1755e+14, 6.7155e+13, 0.491117, 1680.25, 434.446, 0.0976164395097
1.0921e+14, 2.7321e+14, 0.193391, 1691.33, 215.542, 0.0439878304525
1.8808e+14, 6.9555e+13, 0.187713, 380.965, 1690.76, 0.183122007509
9.6323e+13, 4.3673e+14, 0.503389, 1528.34, 382.133, 0.149033082987
2.6305e+14, 7.2612e+13, 0.291541, 861.929, 1856.21, 0.263401853259
7.7035e+13, 6.8181e+14, 0.865116, 791.547, 732.015, 0.457834109295
1.27571e+14, 1.1105e+15, 0.717373, 1183.2, 1891.91, 0.0781882049545
4.0049e+14, 8.6937e+13, 0.56116, 1521.8, 421.628, 0.127412612591
3.7774e+14, 1.6117e+14, 0.344447, 312.401, 1885.89, 0.339816188873
2.51e+14, 1.0185e+14, 0.45045, 1384.82, 881.781, 0.113962895493
2.1064e+14, 6.3227e+13, 0.275819, 1097.71, 329.067, 0.0822555596886
5.8158e+14, 6.4497e+13, 0.577062, 1646.27, 584.582, 0.156767101247
6.685e+13, 1.2123e+14, 0.488939, 1318.47, 759.583, 0.179140516973
8.6759e+14, 9.724e+13, 0.823347, 1318.52, 122.233, 0.0191728540729
1.0112e+14, 2.0624e+14, 0.152315, 82.8701, 1042.36, 0.151835906686
6.2903e+14, 7.6447e+13, 0.950066, 1193.25, 57.2423, 0.106913069008
7.3695e+13, 1.7938e+14, 0.0829518, 1345.78, 285.704, 0.017226436227
1.1469e+14, 3.0917e+14, 0.372022, 1123.83, 1139.37, 0.264786024094
3.5387e+14, 1.202e+14, 0.391741, 1020.23, 1879.88, 0.316793743346
3.0235e+14, 1.4311e+14, 0.170294, 326.995, 1724.47, 0.16731261967
1.8855e+14, 9.2206e+13, 0.226541, 841.902, 1027.32, 0.174147602333
1.8361e+14, 5.1153e+14, 0.0854459, 831.627, 717.568, 0.0558199334441
3.6654e+14, 8.7361e+13, 0.628577, 1602.04, 598.41, 0.111157135378
2.359e+14, 6.9602e+13, 0.429302, 1002.74, 1245.21, 0.324038869561
2.7384e+14, 1.0528e+14, 0.329433, 1842.73, 1203.04, 0.193553749136
3.9331e+14, 6.7979e+13, 0.921082, 723.302, 625.234, 0.358603468431
7.5082e+13, 5.8937e+14, 0.306054, 2034.83, 157.888, 0.0236763967
7.2401e+13, 1.4925e+14, 0.34975, 900.134, 1005.0, 0.231973749495
3.3088e+14, 1.0098e+14, 0.286182, 1938.63, 631.867, 0.0990205492465
2.1153e+14, 7.8352e+13, 0.197231, 1076.96, 1056.5, 0.16871346917
3.9691e+14, 8.4679e+13, 0.428602, 1277.07, 465.507, 0.194589725627
1.0919e+15, 8.7502e+13, 0.486519, -1373.02, 155.06, 0.102883681635
9.7405e+13, 2.4345e+14, 0.417473, 1378.58, 465.416, 0.130114825989
6.2874e+13, 2.953e+14, 0.170907, -943.034, 542.097, 0.328357985864
6.518e+13, 1.5819e+14, 0.362536, 1252.02, 870.682, 0.220017422301
7.4141e+13, 2.6996e+14, 0.338674, 1328.95, 784.775, 0.172649890038
2.7493e+14, 9.5029e+13, 0.218778, 1512.69, 1350.59, 0.155044081573
6.7202e+13, 1.6268e+14, 0.423726, 809.171, 1024.13, 0.308347823936
2.7947e+14, 7.4635e+13, 0.615578, 1426.0, 197.641, 0.0829923208439
3.6565e+14, 1.2939e+14, 0.652494, 1311.52, 1314.74, 0.39185681783
3.0562e+14, 1.0373e+14, 0.118, 1141.5, 755.133, 0.0651040201513
1.3097e+14, 8.1847e+14, 0.631427, 2466.04, 375.404, 0.108882119331
3.4415e+14, 8.6051e+14, 0.422137, 2156.42, 1293.89, 0.249185435921
4.5075e+14, 1.2413e+14, 0.60407, 1639.79, 515.47, 0.192273610932
4.1149e+14, 1.4577e+14, 0.139284, 1459.29, 1047.26, 0.0812090937289
3.1917e+14, 6.7743e+13, 0.286531, 1749.13, 279.713, 0.0452458650244
6.3462e+13, 1.9615e+14, 0.469123, 659.739, 1453.23, 0.427459658901
1.2907e+14, 3.3771e+14, 0.211187, 786.735, 1609.74, 0.189738677229
7.6564e+13, 3.5132e+14, 0.491585, 1690.85, 457.758, 0.105482885429
3.2625e+14, 1.1754e+14, 0.05, 421.87, 1132.99, 0.0468571399327
8.6349e+13, 3.0562e+14, 0.357863, 1243.45, 1284.01, 0.239999935564
7.4259e+13, 1.1883e+14, 0.0714143, 37.9084, 755.925, 0.0713246706017
7.6541e+13, 1.8589e+14, 0.48285, 287.889, 1524.98, 0.47446928174
2.0845e+14, 1.1587e+14, 0.201385, 1149.97, 1011.32, 0.132357220443
1.317e+14, 2.5667e+14, 0.672667, 1319.05, 682.708, 0.40301101081
1.2836e+14, 4.3455e+14, 0.246836, -1473.33, 251.482, 0.252547833056
4.2735e+14, 2.8393e+14, 0.153297, 1194.32, 869.053, 0.0901959512951
2.092e+14, 6.6497e+13, 0.364199, 209.539, 1768.91, 0.361670367903
1.8695e+14, 6.9978e+13, 0.253772, 792.47, 1510.09, 0.213916414619
3.6946e+14, 1.2154e+14, 0.425123, 1234.17, 1696.32, 0.323006480722
2.6709e+14, 1.1923e+14, 0.355023, 1421.42, 25.6369, 0.00639669477364
3.2564e+14, 1.1679e+14, 0.106701, 1467.68, 711.901, 0.0465666318275
2.5735e+14, 8.6443e+13, 0.170294, 823.364, 1589.08, 0.151202725922
6.5532e+13, 1.8072e+14, 0.0822496, 1047.98, 529.061, 0.0370670924912
6.3745e+13, 1.7613e+14, 0.27, 1619.56, 119.128, 0.019806551829
2.6415e+14, 7.2495e+13, 0.197119, 1415.64, 918.496, 0.0964311580564
2.9685e+14, 6.6779e+13, 0.313115, 1040.06, 1206.01, 0.229718572932
6.3627e+13, 2.6815e+14, 0.482804, 1043.09, 408.685, 0.113369182503
2.495e+14, 8.0045e+13, 0.25923, 1369.0, 657.183, 0.0943134963675
1.2427e+14, 3.8633e+14, 0.106377, -1219.27, 496.507, 0.170580080842
1.4525e+14, 6.1181e+13, 0.191301, 1539.01, 218.529, 0.0360499938593
1.7456e+14, 6.8284e+13, 0.174625, 1166.06, 93.5773, 0.0139688947253
4.5103e+14, 1.2361e+14, 0.386787, 2027.29, 68.3762, 0.0318034227028
2.112e+14, 7.5503e+14, 0.622334, 1561.28, 573.481, 0.248147390702
9.2253e+13, 4.5362e+14, 0.603855, 1934.67, 374.282, 0.0541212748958
1.1309e+14, 6.5652e+14, 0.459918, 1309.64, 1653.79, 0.381717266094
2.1031e+14, 6.6756e+13, 0.0407554, 185.625, 1589.84, 0.0404804153382
7.3793e+14, 6.0229e+13, 0.302119, -1004.41, 389.522, 0.0498094934227
1.4988e+14, 9.7311e+13, 0.0682935, 382.806, 895.908, 0.0628008970349
1.3226e+14, 2.9544e+14, 0.133357, 1344.21, 742.541, 0.0644821794472
6.1063e+13, 4.854e+14, 1.00668, 1411.12, 139.112, 0.0967962399288
2.6269e+14, 6.9014e+13, 0.1972, 1388.26, 632.696, 0.0573009831983
6.8379e+13, 3.0786e+14, 0.445992, 1460.88, 219.115, 0.0761717962427
2.7725e+14, 6.7155e+13, 0.825347, 375.042, 582.491, 0.48515539397
9.1595e+13, 2.0982e+14, 0.393065, 631.099, 1334.33, 0.303115558023
6.2757e+14, 6.7414e+13, 0.570351, -1768.56, 213.101, 0.429164491153
2.045e+14, 7.7199e+13, 0.504722, 997.02, 1979.69, 0.439902066729
8.0375e+13, 1.819e+14, 0.162542, 1225.22, 515.008, 0.0688169412095
8.9492e+14, 1.4786e+14, 0.710563, -1315.46, 337.379, 0.0413399982556
7.8658e+13, 1.0622e+15, 0.967533, 1614.31, 1245.68, 0.250035440268
1.4468e+14, 3.5979e+14, 0.123952, 1308.07, 702.963, 0.0586761498982
7.4165e+13, 1.5981e+14, 0.340624, 958.469, 1222.12, 0.252243421466
3.6069e+14, 9.2606e+13, 0.192432, 1221.6, 88.1797, 0.0476847931332
2.5957e+14, 6.5979e+13, 0.468722, 1463.1, 775.067, 0.199276674788
6.2616e+13, 1.9199e+14, 0.811927, 923.561, 609.311, 0.368844635388
6.405e+13, 1.8754e+14, 0.413648, 1297.05, 527.731, 0.0747732555736
6.6379e+13, 1.6531e+14, 0.0810494, 180.243, 906.561, 0.0794934540484
6.7132e+13, 2.5517e+14, 0.399127, 581.531, 1472.68, 0.371231985715
3.0063e+14, 7.2565e+13, 0.402989, 1019.21, 997.253, 0.287350179204
6.0499e+13, 3.3486e+14, 0.371753, 1205.62, 1580.06, 0.282110190281
9.1971e+13, 4.6536e+14, 0.0467012, -285.004, 918.098, 0.190028184059
9.637e+13, 4.8095e+14, 0.300832, 1793.31, 386.935, 0.0579526325766
8.7855e+13, 2.0196e+14, 0.305614, 1769.49, 686.237, 0.0937947182205
2.0488e+14, 7.2401e+13, 0.43764, 1062.65, 1014.86, 0.262788336534
1.8834e+14, 2.2478e+14, 0.499525, 695.653, 214.502, 0.186963629319
6.1675e+13, 1.5219e+14, 0.235852, 788.614, 1252.03, 0.166765743955
3.5502e+14, 9.0913e+13, 0.0509902, -700.103, 534.304, 0.378072785612
1.3782e+14, 6.3627e+13, 0.313209, 730.239, 1040.19, 0.243322150949
1.7293e+14, 6.3462e+13, 0.337572, 1215.71, 834.111, 0.236047975991
9.1806e+13, 7.0272e+14, 0.749066, 2008.61, 549.576, 0.24501460353
5.6359e+14, 7.9269e+13, 0.380557, 1918.83, 459.445, 0.099022505084
6.9625e+13, 3.1322e+14, 0.465549, 445.896, 1873.35, 0.442988908448
5.1995e+14, 1.4219e+14, 0.652062, 1090.09, 1859.62, 0.479501785342
4.9584e+14, 7.1107e+13, 0.828551, 917.712, 905.309, 0.429836145199
6.7367e+13, 1.563e+14, 0.192585, 1557.32, 195.395, 0.0623188775927
6.5532e+13, 3.3495e+14, 0.428487, 1524.82, 83.0363, 0.0356013365943
6.0781e+13, 1.8792e+14, 0.433309, 1156.33, 402.004, 0.089173054671
6.0593e+13, 3.3712e+14, 0.160312, 1557.56, 1079.84, 0.0913386109659
7.3647e+13, 3.8997e+14, 0.207711, -745.101, 321.361, 0.055833741937
4.7072e+14, 1.5623e+14, 0.576017, 1571.58, 104.75, 0.0241739530074
1.026e+14, 2.5324e+14, 0.360124, 1212.81, 348.689, 0.115559821617
1.5915e+14, 7.1813e+13, 0.278756, 119.936, 1529.86, 0.277903305047
5.2781e+14, 7.3295e+13, 0.738875, 963.244, 240.143, 0.0547355947999
3.3684e+14, 1.0582e+15, 0.587814, 2315.19, 461.212, 0.0179546501481
5.2878e+14, 6.2122e+13, 0.936356, 164.661, 217.204, 0.149870781071
6.0804e+13, 4.0063e+14, 0.401373, -1131.88, 192.166, 0.0210604390676
2.3863e+14, 1.1669e+14, 0.251433, 1583.68, 362.784, 0.0759660644693
8.849e+13, 2.8316e+14, 0.184662, 697.938, 1708.07, 0.17094202331
2.57e+14, 6.3745e+13, 0.174138, -405.607, 864.969, 0.469107264518
1.7799e+14, 7.4424e+13, 0.426391, 837.316, 1633.49, 0.343934359684
7.7905e+13, 2.4651e+14, 0.533196, 1408.57, 434.491, 0.107984758406
1.7159e+14, 7.7623e+13, 0.46076, 124.531, 117.104, 0.160387981805
2.2184e+14, 1.1102e+14, 0.330151, 536.401, 2080.95, 0.147952813792
7.6258e+13, 2.5917e+14, 0.226422, 1480.82, 987.269, 0.0860683935491
8.1151e+13, 4.8267e+14, 0.763741, 861.788, 491.493, 0.285014208126
7.5176e+13, 1.9973e+14, 0.0873212, -546.471, 389.08, 0.179680019107
7.36e+13, 2.7391e+14, 0.389615, 1437.21, 286.339, 0.0757714900739
7.7529e+13, 2.2906e+14, 0.175285, 1581.54, 386.64, 0.0416261640432
1.4991e+14, 6.7108e+13, 0.400964, 1178.25, 450.632, 0.104718969982
9.4441e+13, 2.876e+14, 0.409023, 1530.9, 56.1067, 0.038549712809
1.2994e+14, 3.5554e+14, 0.391312, 1269.9, 1740.81, 0.29617380375
6.1722e+13, 1.5588e+14, 0.115603, 626.592, 956.467, 0.0967001406483
1.3774e+14, 6.3227e+13, 0.318817, 867.57, 919.566, 0.173710851574
1.722e+14, 6.8402e+13, 0.307521, 1440.95, 1188.46, 0.152499484388
7.6235e+13, 3.6299e+14, 0.256936, 1850.73, 808.228, 0.0969489536835
1.8474e+14, 8.1433e+13, 0.345057, 404.416, 1502.48, 0.324999282999
2.0753e+14, 1.1262e+14, 0.109549, 556.101, 888.02, 0.0928461808546
2.1614e+14, 1.0785e+14, 0.251573, 42.2033, 1593.05, 0.25148476528
6.652e+13, 3.3016e+14, 0.439773, 1795.22, 334.443, 0.101609678978
6.8141e+14, 1.0905e+14, 1.01844, 1589.47, 269.65, 0.0455949929886
6.6591e+13, 1.6734e+14, 0.368902, 1448.8, 109.353, 0.0195952911559
1.5536e+14, 7.2377e+13, 0.846762, 149.529, 579.822, 0.487732135295
2.5201e+14, 8.6773e+13, 0.260008, 950.865, 832.333, 0.156141929831
3.9813e+14, 6.9743e+13, 0.179246, 1414.77, 398.912, 0.0480826889683
2.2986e+14, 9.41117e+13, 0.950482, 826.833, 498.367, 0.296434487387
1.373e+14, 7.1366e+13, 0.458694, 610.811, 1115.6, 0.329044072542
2.5498e+14, 7.7529e+13, 0.132985, 101.7, 1498.85, 0.132679928391
3.8524e+14, 6.1628e+13, 0.0360555, -305.482, 1114.87, 0.119740266614
7.1225e+13, 2.1135e+14, 0.410367, 1307.51, 611.726, 0.159431465449
9.6017e+13, 2.1556e+14, 0.470117, 1693.52, 346.339, 0.0488094405605
6.6591e+13, 2.4261e+14, 0.438681, 1076.95, 627.141, 0.0513445791893
1.6263e+14, 4.062e+14, 0.419881, 1185.6, 1512.54, 0.322640956054
1.0389e+15, 7.0801e+13, 1.07972, -907.746, 117.37, 0.0176028557934
1.161e+14, 3.4316e+14, 0.575781, 1146.72, 982.58, 0.300110141481
1.9843e+14, 8.7972e+13, 0.405216, 1292.13, 307.279, 0.107092530932
2.8182e+14, 8.141e+13, 0.315216, 1631.24, 821.158, 0.157617452473
9.397e+13, 2.9567e+14, 0.438274, 1401.85, 291.97, 0.0483667931532
3.8607e+14, 1.2645e+14, 0.247014, 1540.39, 1551.13, 0.205752273176
6.0734e+14, 7.6141e+13, 0.379078, 2439.22, 1132.5, 0.103154890411
1.0474e+14, 2.6777e+14, 0.513323, 130.14, 1372.95, 0.461178152591
2.5086e+14, 9.7334e+13, 0.373363, 1319.84, 103.694, 0.0252504455836
1.3266e+14, 8.3374e+14, 0.307033, 1220.2, 186.734, 0.0464462344605
9.5358e+13, 3.008e+14, 0.50292, 1372.67, 187.573, 0.0313888706612
6.8543e+13, 2.6999e+14, 0.152643, 1193.27, 1379.95, 0.115461834214
3.1202e+14, 7.0354e+13, 0.153948, 1198.15, 416.881, 0.0505895097077
2.8831e+14, 1.0761e+14, 0.387577, -54.1974, 1993.44, 0.347908649036
2.197e+14, 1.2702e+14, 0.551675, 1422.8, 1017.8, 0.337271671037
4.5699e+14, 2.6747e+14, 0.334797, 841.018, 1830.71, 0.321609066103
2.3477e+14, 8.8913e+13, 0.442493, 117.407, 1743.38, 0.441492985955
6.605e+13, 1.6651e+14, 0.0943398, 1025.25, 347.205, 0.0302604072684
5.7737e+14, 2.169e+14, 0.450111, 2131.11, 516.532, 0.114561423534
4.6345e+14, 8.9784e+13, 0.735316, 2000.83, 680.269, 0.248254759915
2.5114e+14, 8.5785e+13, 0.297337, 1711.91, 121.539, 0.0365810295881
3.3794e+14, 6.9484e+13, 0.137437, 790.599, 1808.18, 0.125926181468
4.1549e+14, 6.0734e+13, 0.766355, 961.968, 303.811, 0.132161734828
2.2341e+14, 8.5926e+13, 0.492138, 1828.08, 608.391, 0.177175980281
1.5108e+14, 3.127e+14, 0.148997, 860.5, 1237.6, 0.122332757435
1.2641e+14, 4.393e+14, 0.402071, 962.668, 1618.74, 0.345061204451
3.4737e+14, 1.1135e+14, 0.283019, 1626.77, 168.147, 0.0521422038585
9.9827e+13, 4.6618e+14, 0.719639, 1176.98, 127.589, 0.0184827897277
2.2706e+14, 7.2424e+13, 0.221133, -919.126, 1174.56, 0.393860579249
7.4847e+13, 2.6166e+14, 0.574543, 1743.89, 994.409, 0.218493618409
6.7885e+13, 2.7001e+14, 0.330151, 2115.7, 1025.28, 0.124257692931
2.1937e+14, 1.2375e+14, 0.436441, 107.452, 1485.68, 0.43530396391
7.4659e+13, 1.9399e+14, 0.172119, 1200.28, 82.9035, 0.017804221786
2.0916e+14, 7.9269e+13, 0.33, 1203.03, 1270.73, 0.195559461414
8.9031e+13, 2.2099e+14, 0.11, 472.875, 1302.59, 0.103397505981
2.0243e+14, 4.3203e+14, 0.0947681, 780.093, 1134.66, 0.0780924296174
2.383e+14, 6.9955e+13, 0.47392, 1492.51, 1102.72, 0.271077408184
3.474e+14, 1.6529e+14, 0.359724, 1583.54, 366.846, 0.116359776779
6.0757e+13, 1.3951e+14, 0.33271, 1557.44, 643.796, 0.114069489955
6.0254e+14, 1.8766e+14, 0.0808022, 894.176, 610.665, 0.0455697600076
2.9031e+14, 7.0735e+14, 0.208741, 1814.46, 827.62, 0.115521075026
6.899e+13, 1.9309e+14, 0.211013, 1412.47, 366.469, 0.0697129835764
2.355e+14, 9.3759e+13, 0.240075, 1430.13, 45.8153, 0.0208798641422
8.7514e+14, 2.0017e+14, 1.15287, -0.641358, 1140.25, 0.191021575478
7.5811e+13, 3.8524e+14, 0.307327, 1530.49, 1235.47, 0.208430739174
1.0439e+14, 7.8693e+14, 0.234521, 1479.92, 224.312, 0.0157286832773
2.5989e+14, 1.2189e+14, 0.209762, 1351.17, 17.4494, 0.035602488257
1.6237e+14, 7.2119e+13, 0.212132, 1263.78, 624.012, 0.0654430714154
6.2921e+13, 1.6943e+14, 0.203224, 1169.21, 544.791, 0.0790854453732
7.313e+13, 3.2355e+14, 0.439318, 1458.1, 183.076, 0.0555850553931
1.0637e+14, 1.9657e+14, 0.354459, 1060.95, 661.502, 0.188155755227
7.7082e+13, 2.3997e+14, 0.341403, 1303.44, 473.207, 0.116504398876
9.3782e+13, 3.0395e+14, 0.468219, 1753.97, 517.454, 0.0603073850845
1.9335e+14, 7.2895e+13, 0.207048, 1056.07, 331.346, 0.0598923967153
6.7838e+13, 6.3782e+14, 0.694694, 1932.52, 251.159, 0.150962455514
1.1653e+14, 2.4268e+14, 0.251843, 650.393, 1293.05, 0.246626761617
9.3665e+13, 2.1426e+14, 0.307181, 1212.33, 119.034, 0.0310373807524
9.9051e+13, 3.3716e+14, 0.196532, 1221.05, 1342.11, 0.14537067476
7.9928e+13, 2.8064e+14, 0.293981, 1742.08, 1101.15, 0.161786242403
1.2504e+14, 7.3862e+14, 1.42944, 1121.34, 333.635, 0.301181735324
6.2122e+13, 5.5058e+14, 0.460109, 1975.96, 846.815, 0.181241294141
3.3291e+14, 1.079e+14, 0.202297, 1216.89, 1230.78, 0.176917903322
2.7074e+14, 1.524e+14, 0.186279, 1029.35, 539.351, 0.0691141527565
9.079e+14, 6.0216e+13, 0.725672, 1718.72, 1943.91, 0.388423980493
7.5035e+13, 2.4766e+14, 0.386307, 1594.44, 217.953, 0.0214938855893
1.3894e+14, 4.2723e+14, 0.435275, 1707.75, 193.653, 0.0585674870675
8.4044e+13, 1.9486e+14, 0.314116, 699.339, 1354.32, 0.265678210776
2.2165e+14, 8.2162e+13, 0.44455, 679.276, 1089.72, 0.296930530708
2.2661e+14, 7.7011e+13, 0.241247, 1414.08, 978.203, 0.137246640828
2.2553e+14, 7.8093e+13, 0.258263, 1314.38, 454.731, 0.0939209877447
7.3036e+13, 1.5649e+14, 0.466154, 342.083, 1637.88, 0.444976018448
5.0624e+14, 8.6514e+13, 0.489593, 1366.27, 272.811, 0.160030727579
7.9551e+13, 1.9563e+14, 0.557857, 1274.33, 751.957, 0.20765479997
1.6451e+14, 6.1063e+13, 0.130384, 240.994, 1692.65, 0.129082241965
2.1781e+14, 6.2663e+13, 0.476025, 1274.04, 207.287, 0.0603069834943
7.3389e+13, 1.7877e+14, 0.364155, 1444.19, 434.48, 0.121826082751
7.9528e+13, 2.0768e+14, 0.132257, 1211.48, 1099.78, 0.0888963827913
8.7267e+13, 2.3858e+14, 0.191898, 742.785, 1166.35, 0.16944140375
8.388e+13, 1.8533e+14, 0.209812, 1552.64, 662.825, 0.100958700586
2.1e+14, 9.0771e+13, 0.568754, 1153.42, 461.224, 0.157937791137
6.031e+13, 3.6506e+14, 0.371618, 1635.5, 479.369, 0.092101518308
7.1625e+13, 3.5307e+14, 0.123814, 1650.86, 693.519, 0.0479540777717
8.7714e+13, 6.3199e+14, 0.758288, -1044.6, 266.55, 0.123183211685
