1.7512e+14, 6.8426e+13, 0.322846, 1258.54, 811.99, 0.181506612236
6.1204e+13, 1.4929e+14, 0.26512, 684.262, 1253.67, 0.219568033477
3.8762e+14, 1.01369e+14, 0.481805, 1756.77, 517.685, 0.123713647631
5.1102e+14, 1.2497e+14, 0.492575, 1487.18, 672.788, 0.128603317732
1.0138e+14, 5.8814e+14, 0.449713, -1542.69, 236.569, 0.0343375783008
7.6235e+13, 1.8382e+14, 0.241544, 988.778, 1362.04, 0.187648478506
7.3553e+13, 2.3633e+14, 0.382575, 1534.48, 371.694, 0.0739894823877
6.0183e+14, 1.3426e+14, 0.370269, 2232.07, 13.6297, 0.0310078657571
6.4281e+14, 7.4283e+13, 0.11435, -1348.16, 259.568, 0.182957035394
2.327e+14, 8.2774e+13, 0.256958, 1331.16, 156.658, 0.0357402112799
2.733e+14, 7.3789e+13, 0.221035, 1813.71, 1495.61, 0.146682441768
1.4506e+14, 5.3299e+14, 0.217124, 728.576, 2168.95, 0.205822144063
7.4777e+13, 3.2385e+14, 0.559203, 1499.09, 335.708, 0.0289565047207
4.3629e+14, 1.7754e+14, 0.259291, 1846.46, 522.572, 0.0596869815795
7.1954e+13, 6.8614e+14, 0.852712, 1116.07, 801.156, 0.327603797343
3.7748e+14, 8.5667e+13, 0.197572, 1490.0, 1781.99, 0.151569303254
3.9091e+14, 1.587e+14, 0.489213, 729.01, 1983.32, 0.412431195598
1.7046e+14, 8.3291e+13, 0.49208, 176.149, 1219.99, 0.487029583384
6.4333e+13, 4.2949e+14, 0.718315, 1044.93, 1014.28, 0.358968217504
6.9555e+13, 3.1261e+14, 0.207126, 320.837, 1261.97, 0.20074010869
1.9279e+14, 8.4915e+13, 0.228666, 1373.76, 741.111, 0.107087757722
1.3977e+14, 5.6004e+14, 0.615724, 1772.92, 776.769, 0.186296737875
2.5408e+14, 5.1591e+14, 0.452638, 1896.51, 178.731, 0.0518909796109
2.0965e+14, 7.3789e+13, 0.378619, 907.176, 218.573, 0.151490924702
2.6439e+14, 8.4115e+13, 0.297337, 700.053, 1211.87, 0.246536049661
9.5641e+13, 2.3416e+14, 0.676814, 738.734, 988.993, 0.261119802878
2.3136e+14, 6.6638e+13, 0.453342, 1173.99, 225.171, 0.0447263253536
4.1594e+14, 9.5194e+13, 0.53086, 1490.17, 593.817, 0.156157835973
3.1694e+14, 1.3057e+14, 0.428539, 1951.45, 263.777, 0.121083823566
7.1578e+13, 3.2665e+14, 0.283614, 1806.15, 415.965, 0.0624504964266
1.9029e+14, 7.7693e+13, 0.241015, 1076.19, 1031.85, 0.195422020129
7.146e+13, 6.1621e+14, 0.215493, 1317.74, 862.059, 0.11797247954
2.6587e+14, 9.9804e+13, 0.272002, 1429.33, 56.5204, 0.0292358140579
9.4112e+13, 4.1051e+14, 0.540527, 747.425, 919.569, 0.455135890913
2.8749e+14, 1.2716e+14, 0.239379, 838.616, 1995.11, 0.220676695268
4.5572e+14, 7.527e+13, 0.384911, -1180.51, 169.138, 0.0167563106712
5.4665e+14, 1.5903e+14, 0.410078, 2106.69, 400.188, 0.0780838391571
6.104e+13, 2.0859e+14, 0.195604, 1437.34, 301.046, 0.0236024488817
4.93e+14, 9.2465e+13, 0.726425, 1719.88, 263.389, 0.106990621855
1.7063e+14, 7.2965e+13, 0.31863, 1181.36, 809.238, 0.156257450494
1.1098e+14, 2.8019e+14, 0.279579, 1579.69, 246.754, 0.0642517182393
7.8799e+13, 3.2849e+14, 0.777198, 1014.85, 1375.66, 0.430059499745
5.8034e+14, 8.5879e+13, 0.229761, 1492.32, 701.903, 0.084907429461
7.8681e+13, 2.5173e+14, 0.244369, 922.549, 1491.18, 0.184508909571
6.3533e+13, 1.7204e+14, 0.137772, 68.5424, 1352.04, 0.137595300887
5.9186e+14, 1.5713e+14, 0.21304, 2082.83, 701.237, 0.0736582420055
4.3396e+14, 7.1719e+13, 0.620391, 703.985, 148.97, 0.0388758854614
1.5546e+14, 7.1084e+13, 0.348855, 1099.21, 898.745, 0.196753429816
2.1807e+14, 6.7461e+13, 0.362713, 2110.42, 401.934, 0.0859056629065
2.4343e+14, 6.7743e+13, 0.50587, 295.316, 1788.26, 0.492759219429
6.6708e+13, 2.1885e+14, 0.438006, 890.083, 1023.83, 0.330554350005
7.4353e+13, 2.1309e+14, 0.121754, 982.957, 972.622, 0.0856368915514
2.0523e+14, 1.3062e+14, 0.355137, 115.696, 1456.16, 0.354021334119
2.0379e+14, 1.2723e+14, 0.65123, 684.236, 485.784, 0.338602786993
1.1893e+14, 3.4173e+14, 0.193442, 1344.83, 1623.25, 0.148961208776
1.6858e+14, 6.816e+14, 0.402742, -1497.27, 283.271, 0.0318142919485
1.9951e+14, 6.2947e+14, 0.320284, 2028.58, 469.319, 0.0599721747426
3.8463e+14, 6.3321e+13, 0.277959, 989.217, 1377.98, 0.224917375631
7.1954e+13, 2.363e+14, 0.159628, 1105.08, 1285.73, 0.121057734593
5.2398e+14, 8.6914e+13, 0.493345, -1793.99, 228.492, 0.207927834012
7.941e+13, 4.9721e+14, 0.919531, 1175.33, 452.582, 0.178125107298
1.0002e+14, 3.1752e+14, 0.362052, 1275.64, 909.617, 0.220784489929
2.2209e+14, 7.9551e+13, 0.202652, 605.925, 1423.5, 0.167576164535
5.4e+14, 9.9263e+13, 0.95117, 1317.24, 125.429, 0.140890523174
3.8313e+14, 1.0291e+14, 0.643507, 1069.94, 594.311, 0.252117316108
5.1106e+14, 6.3415e+13, 0.572369, 1410.97, 1123.71, 0.341647478998
1.1011e+14, 1.7169e+14, 0.394081, 1275.47, 1500.7, 0.261643971657
7.6352e+13, 2.121e+14, 0.288755, 1704.32, 193.849, 0.0585050368035
6.2616e+13, 4.356e+14, 0.484821, 1102.31, 1656.52, 0.377467765404
6.6661e+13, 7.8865e+14, 0.85294, 1322.15, 1158.42, 0.318787868682
8.3668e+13, 5.503e+14, 0.655001, 1511.29, 139.629, 0.0403584857632
7.2001e+13, 1.7726e+14, 0.355068, 1066.48, 69.5614, 0.0231102836552
1.1507e+14, 2.5747e+14, 0.459663, 1172.98, 842.549, 0.235092441911
2.5084e+14, 8.2257e+13, 0.479504, 1800.46, 678.824, 0.160399305658
9.3853e+13, 6.0501e+14, 0.69091, 1244.9, 282.709, 0.0927827544082
1.4668e+14, 3.3865e+14, 0.189549, 83.0775, 1479.23, 0.189250763354
1.4459e+14, 2.4463e+14, 0.713275, 374.957, 696.634, 0.413182038888
4.4746e+14, 1.0801e+14, 0.248448, 1305.27, 1471.47, 0.21273399585
6.9178e+13, 3.3858e+14, 0.404011, 1173.31, 1123.52, 0.14591683441
4.4026e+14, 7.2001e+13, 0.381472, -1151.3, 159.245, 0.0869965591618
2.2346e+14, 6.1856e+14, 0.809822, 1816.25, 785.182, 0.283260998017
9.7122e+13, 2.491e+14, 0.104881, 248.643, 1319.17, 0.103066193395
6.6803e+13, 3.2216e+14, 0.398197, 1388.06, 633.004, 0.132315837464
4.3539e+14, 6.024e+13, 0.126673, -1275.17, 545.17, 0.118636674642
7.7928e+13, 2.0175e+14, 0.086591, 920.085, 883.245, 0.0599657303983
3.6614e+14, 6.231e+13, 0.319194, 611.148, 2024.48, 0.305573920026
1.2662e+14, 3.234e+14, 0.150748, 189.298, 1848.83, 0.149963990504
2.136e+14, 7.6941e+13, 0.254904, 1184.69, 497.872, 0.0908824691153
4.0199e+14, 1.5908e+14, 0.291611, 1223.16, 670.872, 0.148904525785
1.6875e+14, 7.901e+13, 0.31887, 1431.23, 1000.52, 0.186623798218
5.0779e+14, 2.9591e+14, 0.343746, 1498.13, 706.361, 0.176620138791
6.1816e+13, 1.9345e+14, 0.600397, 1165.04, 352.488, 0.138107727224
6.9084e+13, 1.8517e+14, 0.399495, 745.642, 1277.22, 0.307586411417
8.4679e+13, 1.8669e+14, 0.247105, 1317.18, 668.573, 0.145170098249
2.2866e+14, 6.3439e+13, 0.556562, 1215.19, 360.941, 0.0859068364423
9.6958e+13, 2.4642e+14, 0.24026, 235.02, 1818.81, 0.238278978819
7.9881e+13, 2.3564e+14, 0.473888, 1588.96, 82.0648, 0.0284398600159
2.5486e+14, 7.5835e+13, 0.0856096, 846.303, 709.561, 0.0137470755614
4.079e+14, 1.9095e+14, 0.91642, 1179.6, 789.073, 0.465022840208
9.6393e+13, 2.5877e+14, 0.392078, 905.254, 1379.07, 0.296558753589
1.5132e+14, 6.7602e+13, 0.195842, 22.0532, 1467.24, 0.195819882136
7.7952e+13, 1.85e+14, 0.0653911, 1421.68, 374.493, 0.016656849509
9.096e+13, 2.1139e+14, 0.717419, 1017.07, 118.043, 0.0893004223192
1.2742e+14, 2.152e+14, 0.375452, 614.441, 1093.1, 0.327289490236
1.679e+14, 3.6212e+14, 0.219365, 1410.76, 1478.7, 0.158717824057
8.6843e+13, 1.6016e+14, 0.378012, 986.15, 501.848, 0.175773384658
1.1316e+14, 2.3616e+14, 0.198504, 665.876, 1841.9, 0.186679563956
5.5187e+14, 6.2522e+13, 0.658885, 1279.38, 1690.06, 0.479270703486
4.1707e+14, 6.819e+13, 0.885697, 497.361, 315.442, 0.18593287978
1.0173e+14, 2.3212e+14, 0.388959, 1467.02, 308.14, 0.0703066637993
6.6826e+13, 1.4894e+14, 0.342405, 1514.01, 230.837, 0.0659450775253
3.1802e+14, 1.3556e+14, 0.114061, 1650.53, 183.608, 0.0126105695133
3.7365e+14, 7.8799e+13, 0.615178, 1491.21, 1004.43, 0.261977002136
3.7581e+14, 7.6235e+13, 0.54975, 1681.31, 469.181, 0.18035592072
8.0892e+13, 1.4958e+14, 0.540027, 898.681, 1280.04, 0.0743409227893
3.0652e+14, 8.1574e+13, 0.636867, 1211.3, 1211.02, 0.356583771464
1.0112e+14, 2.0474e+14, 0.345393, 826.143, 1984.8, 0.3155111358
1.0138e+14, 4.9831e+14, 0.666731, 2255.89, 1428.2, 0.302840157257
1.5383e+14, 6.6116e+14, 0.376639, -1473.49, 722.417, 0.139994358101
1.0679e+14, 3.2917e+14, 0.16386, 1121.26, 1266.73, 0.122697347896
6.8778e+13, 2.6822e+14, 0.251992, 1492.71, 351.742, 0.0362508747627
4.1806e+14, 1.4784e+14, 0.65033, 972.919, 1364.05, 0.44873384398
2.889e+14, 1.0573e+14, 0.199329, 1426.62, 927.372, 0.0683094132578
5.7709e+14, 6.3204e+13, 1.21835, -926.647, 292.926, 0.342936864066
6.6544e+13, 4.7411e+14, 0.142281, 1548.16, 1496.59, 0.0988896458687
1.6548e+14, 4.0726e+14, 0.612968, 1184.48, 823.366, 0.330369202576
2.6855e+14, 9.2371e+13, 0.487078, 1444.59, 633.701, 0.213439185725
6.3674e+13, 2.0982e+14, 0.30895, 298.376, 1654.93, 0.304047774579
8.6185e+13, 2.4898e+14, 0.563028, 840.52, 1291.87, 0.35051832497
1.2695e+14, 3.8682e+14, 0.26732, 1357.55, 727.908, 0.139044410246
3.0214e+14, 7.3177e+13, 0.460727, 863.409, 337.083, 0.0660976890584
6.9672e+13, 2.1104e+14, 0.270087, 1199.76, 287.799, 0.0460003291226
4.6491e+14, 6.772e+13, 0.137191, 1999.93, 809.476, 0.0514720055285
9.7452e+13, 3.4086e+14, 0.20639, 92.8062, 1774.25, 0.206108231179
7.3506e+13, 3.3733e+14, 0.443351, 1876.54, 776.338, 0.169786147605
2.9511e+14, 1.3123e+14, 0.0994987, 1167.35, 70.3616, 0.00598638373401
4.1117e+14, 1.0573e+14, 0.503949, 1446.21, 179.101, 0.0131628062288
6.2192e+13, 2.328e+14, 0.462897, 1486.15, 451.935, 0.0806084359158
2.491e+14, 8.4374e+13, 0.737089, 1577.81, 822.159, 0.243110464039
2.0862e+14, 4.619e+14, 0.432338, 1687.71, 331.536, 0.0640467730664
6.8943e+13, 4.9166e+14, 0.0891291, 1493.91, 1406.31, 0.0610923208233
9.7499e+13, 2.8591e+14, 0.33678, 1827.05, 485.13, 0.0864290601781
8.4538e+13, 7.4219e+14, 0.718674, 1471.55, 1302.62, 0.411931440254
2.2957e+14, 7.8352e+13, 0.122381, 1384.3, 712.543, 0.0560090759885
6.5626e+13, 3.0859e+14, 0.229991, 382.528, 1533.34, 0.187867804448
3.3679e+14, 7.894e+13, 0.551866, 1298.1, 515.619, 0.170559530258
7.3777e+14, 1.345e+14, 0.648402, 956.455, 1520.31, 0.465300503542
4.9288e+14, 1.9067e+14, 0.283019, 708.605, 2760.75, 0.274133060508
4.8502e+14, 9.0936e+13, 0.785474, 19.2839, 884.694, 0.420653734856
1.038e+14, 1.7275e+14, 0.085829, 818.003, 334.845, 0.0325149307129
8.4891e+13, 3.0753e+14, 0.265219, 1989.57, 469.374, 0.0734980735295
6.3721e+13, 5.0756e+14, 0.893378, 500.281, 182.277, 0.154058812299
7.6541e+13, 3.1882e+14, 0.26691, 1357.71, 280.1, 0.0179892861248
6.9884e+13, 2.125e+14, 0.364611, 638.878, 1506.27, 0.334923700797
7.2001e+13, 2.0495e+14, 0.109197, -593.649, 768.754, 0.0240954158526
3.2721e+14, 1.2206e+14, 0.11, 505.858, 1362.37, 0.103120859333
1.1914e+14, 2.7683e+14, 0.394811, 1261.78, 1268.52, 0.23667396473
6.4239e+13, 3.2475e+14, 0.564509, 1077.08, 478.88, 0.150839237727
1.8114e+14, 6.5368e+13, 0.258087, 1144.36, 790.525, 0.139099644889
2.6436e+14, 7.1413e+13, 0.317844, 1604.19, 277.684, 0.0733887570393
3.446e+14, 6.7767e+13, 0.143948, 794.773, 1716.76, 0.130628722147
3.6541e+14, 7.941e+13, 0.231692, 1252.21, 1455.79, 0.189647851282
2.5098e+14, 7.6023e+13, 0.0928709, 229.687, 1707.68, 0.092042070443
2.6109e+14, 1.1992e+14, 0.281066, 1357.87, 135.028, 0.0242624074377
6.8614e+13, 2.4743e+14, 0.428691, 1487.85, 272.981, 0.139607248022
1.4332e+14, 6.3674e+13, 0.448022, 509.248, 1433.9, 0.38289061599
8.929e+13, 2.3517e+14, 0.349744, 368.325, 1486.99, 0.339484572831
8.9878e+13, 2.0177e+14, 0.144298, 122.926, 1102.42, 0.14340921504
1.567e+14, 8.228e+13, 0.10346, 162.07, 1035.78, 0.102216270049
1.4962e+14, 9.0395e+13, 0.207116, -834.9, 965.171, 0.0933570515603
2.7683e+14, 6.6779e+13, 0.579919, -1041.51, 535.744, 0.424415662767
6.4921e+13, 1.8792e+14, 0.481871, 1289.48, 670.855, 0.141994235418
7.52157e+13, 1.6543e+14, 0.228674, 350.37, 1198.19, 0.219482775677
1.4946e+14, 3.8607e+14, 0.344964, 1311.74, 1894.45, 0.26163944984
1.6451e+14, 6.2733e+13, 0.262155, 1344.7, 29.8328, 0.0110185963439
1.1067e+14, 3.2347e+14, 0.279464, 891.724, 885.34, 0.162328971788
2.8151e+14, 7.6305e+13, 0.69184, 1279.62, 67.8013, 0.0905206024263
6.1181e+13, 4.3175e+14, 0.53089, 1048.09, 446.205, 0.224681762485
6.0546e+13, 1.7846e+14, 0.169555, 1348.6, 570.562, 0.0660654539744
1.6778e+14, 3.4159e+14, 0.494678, 1261.39, 835.172, 0.215400104957
3.5716e+14, 6.0875e+13, 0.653708, 1616.18, 253.215, 0.158032686273
9.4182e+13, 2.9758e+14, 0.403968, 1506.35, 533.608, 0.151179992425
6.3016e+13, 1.8716e+14, 0.362196, 700.753, 1523.27, 0.327557505236
1.3459e+14, 4.1048e+14, 0.401339, -1728.95, 496.549, 0.249739695477
1.1855e+14, 4.8502e+14, 0.354172, 1064.51, 2187.94, 0.326239334388
6.7861e+13, 1.5847e+14, 0.115135, 1029.68, 32.9794, 0.03841136978
7.3963e+14, 7.6305e+13, 1.01748, 180.976, 400.122, 0.206396245128
7.6512e+14, 6.8543e+13, 0.770276, 1774.85, 1220.79, 0.339635339293
1.5652e+14, 1.0745e+14, 0.272934, 825.88, 1301.29, 0.234339823264
1.2803e+14, 7.9323e+14, 0.465658, 2124.93, 353.09, 0.14729521642
9.6746e+13, 2.2609e+14, 0.249335, 1250.53, 539.703, 0.068773615202
1.4821e+14, 6.231e+13, 0.371559, 1161.17, 879.786, 0.203979734595
1.6811e+14, 6.1487e+13, 0.249948, 877.892, 1234.88, 0.203715531486
7.9975e+13, 2.0427e+14, 0.363139, 1173.66, 1064.78, 0.218391264699
2.1193e+14, 1.0827e+14, 0.435311, 1236.34, 363.408, 0.204273380317
5.681e+14, 7.1248e+13, 0.891224, -843.287, 144.498, 0.121569250948
2.4799e+14, 7.8197e+14, 0.757737, 1965.75, 378.511, 0.151704925264
8.5456e+13, 5.0523e+14, 0.204375, 2162.41, 297.325, 0.0286447133323
2.4138e+14, 5.5154e+14, 0.288071, 1572.9, 641.851, 0.109833854594
7.8234e+13, 2.5808e+14, 0.367234, 1247.39, 345.015, 0.0676687419148
2.5074e+14, 7.7623e+13, 0.4083, 1146.81, 441.501, 0.0999687000605
1.9815e+14, 1.0169e+14, 0.241166, 1213.32, 409.841, 0.0804609010111
2.7203e+14, 8.3127e+13, 0.243893, 1687.14, 455.295, 0.0639578031398
2.1915e+14, 6.8369e+14, 0.519066, 1676.99, 1187.86, 0.310180271822
3.6567e+14, 6.4286e+13, 0.498482, 1443.02, 17.7971, 0.0451043170079
2.8332e+14, 1.0465e+14, 0.236941, 984.594, 1110.72, 0.158184403683
1.5689e+14, 6.8731e+13, 0.187139, 440.414, 1261.17, 0.176676149035
1.9368e+14, 6.5932e+13, 0.424882, 1677.87, 631.36, 0.136659141218
3.4257e+14, 1.2827e+14, 0.284717, 2235.97, 991.805, 0.122423712041
8.6161e+13, 2.571e+14, 0.27857, 531.664, 1537.39, 0.265918639659
6.6073e+13, 2.1835e+14, 0.184415, 1512.02, 822.274, 0.0881039586162
1.1634e+14, 2.5867e+14, 0.218403, 1043.68, 619.7, 0.0606584697733
4.9627e+14, 1.4729e+14, 0.0842437, 914.917, 1698.88, 0.0741716743135
4.2354e+14, 8.148e+13, 0.773179, 1547.96, 1254.25, 0.393150564379
1.1928e+14, 5.3195e+14, 0.471843, 2157.42, 525.675, 0.0539125855497
2.9327e+14, 1.0343e+14, 0.54758, 1651.15, 415.629, 0.0718985304466
1.4981e+14, 1.0731e+14, 0.482701, 747.821, 954.662, 0.311224402396
8.7761e+13, 4.7484e+14, 0.540611, 2047.41, 916.248, 0.198688057221
9.4253e+13, 2.9995e+14, 0.202694, 1561.46, 303.278, 0.0529583403824
6.2044e+14, 9.3077e+13, 0.271774, -1470.71, 281.114, 0.338232724114
5.1774e+14, 7.106e+13, 0.828496, 734.439, 682.558, 0.271278380322
7.6164e+13, 3.8567e+14, 0.419239, 1816.18, 774.458, 0.156311064759
1.0284e+14, 4.1439e+14, 0.633603, 1337.4, 811.512, 0.299154519817
7.4283e+13, 1.257e+14, 0.114996, 650.979, 842.427, 0.0909939472598
4.6087e+14, 8.7079e+13, 0.166868, 757.234, 2146.0, 0.157359001508
6.2545e+13, 3.608e+14, 0.597295, 1241.18, 116.914, 0.0623237313173
2.996e+14, 8.1175e+13, 0.174997, 645.343, 1718.97, 0.16383193529
3.1628e+14, 9.096e+13, 0.478357, 1659.2, 114.566, 0.0144562562549
1.0599e+14, 3.6325e+14, 0.408532, 959.613, 1136.56, 0.278964889394
2.7622e+14, 6.6685e+13, 0.229087, 1578.11, 761.063, 0.0833493585029
8.6984e+13, 2.5568e+14, 0.226636, 1260.15, 483.647, 0.067163148993
2.0252e+14, 9.5311e+13, 0.241419, 1190.65, 118.335, 0.00952647168463
9.6464e+13, 2.1906e+14, 0.209002, 1485.65, 398.537, 0.0405468224428
1.2133e+14, 4.6242e+14, 0.235576, 1589.51, 537.433, 0.100711495433
4.8227e+14, 9.7969e+13, 0.262126, -1460.19, 374.813, 0.202298854614
2.587e+14, 6.0663e+13, 0.412511, 1459.99, 335.816, 0.0831436484193
1.5732e+14, 5.2501e+14, 0.406202, 1619.99, 555.165, 0.111298624976
4.8498e+14, 8.5291e+13, 0.7377, 1401.47, 1182.21, 0.4281954089
2.244e+14, 6.6073e+13, 0.459788, 1334.63, 131.333, 0.0279945272917
7.9514e+14, 1.9335e+14, 0.667754, 2387.62, 472.766, 0.14536227075
1.8874e+14, 7.5388e+13, 0.258892, 1628.57, 145.481, 0.0560610180417
7.0354e+13, 8.6025e+14, 0.220438, 2262.07, 459.42, 0.0438745963458
9.4182e+13, 5.6799e+14, 0.6084, 1886.76, 399.291, 0.0761445553288
3.1548e+14, 6.3415e+13, 0.384383, 1402.97, 264.219, 0.0636442320066
7.026e+13, 1.5583e+14, 0.506838, 460.353, 184.301, 0.140543243264
2.8309e+14, 8.6302e+13, 0.187814, 1646.45, 211.102, 0.0238853167434
7.5035e+13, 1.9074e+14, 0.326167, 454.731, 1584.7, 0.313514770899
9.5476e+13, 1.9775e+14, 0.268591, 1204.81, 670.252, 0.126912916176
6.0687e+13, 2.0509e+14, 0.364206, 1023.99, 432.121, 0.135242818139
3.1087e+14, 6.4813e+14, 0.0458258, 1243.16, 497.25, 0.0170188617837
2.5359e+14, 8.5456e+13, 0.454959, 807.048, 1126.09, 0.369229412033
1.8959e+14, 7.5859e+13, 0.276407, 1533.6, 260.86, 0.080782386269
2.5571e+14, 8.2656e+13, 0.482871, 1539.74, 382.388, 0.0711023425394
1.0782e+14, 2.7768e+14, 0.378245, 779.699, 1471.32, 0.32339749595
2.2285e+14, 9.4982e+13, 0.126495, 1083.47, 300.499, 0.0675724627589
8.3221e+13, 2.9304e+14, 0.0963431, 173.888, 1481.86, 0.0956865641091
6.9484e+13, 1.2972e+14, 0.364993, 1568.48, 997.716, 0.131913161848
8.275e+13, 1.6056e+14, 0.0735187, 626.144, 757.271, 0.0566590749848
8.2257e+13, 1.5971e+14, 0.446745, 546.102, 754.594, 0.268817513085
8.8655e+13, 2.8845e+14, 0.255734, 1792.94, 927.867, 0.14437179494
5.7627e+14, 6.9061e+13, 1.51106, 357.984, 298.12, 0.288484878628
2.0817e+14, 3.9145e+14, 0.226332, 1021.99, 1003.66, 0.17190468025
3.8654e+14, 1.3351e+14, 0.339776, 1897.07, 652.959, 0.0846996720729
2.4268e+14, 9.9334e+13, 0.205378, 1303.51, 1135.5, 0.139152760369
5.8391e+14, 2.3487e+14, 0.909293, 1208.23, 175.216, 0.0866071210536
1.9349e+14, 7.3695e+13, 0.0975961, 938.128, 898.381, 0.067501475997
2.7787e+14, 1.1987e+14, 0.155286, 1424.46, 256.761, 0.0275466031267
8.6208e+13, 4.3363e+14, 0.111288, 427.519, 1138.19, 0.104181189203
8.089e+14, 7.7881e+13, 1.59095, 170.901, 182.792, 0.254748689294
6.8026e+13, 1.8279e+14, 0.253229, 362.608, 1333.57, 0.247982890464
4.9279e+14, 7.8517e+13, 0.209461, -1235.78, 171.565, 0.287673090524
1.9671e+14, 7.7176e+13, 0.301805, 1376.39, 569.301, 0.104721602349
6.1251e+13, 1.8594e+14, 0.141849, 1243.62, 170.832, 0.0222118403689
1.0166e+14, 3.0273e+14, 0.391372, 1030.01, 2403.26, 0.22920637356
1.0625e+14, 3.4973e+14, 0.0344674, 776.498, 1289.3, 0.0295260293838
2.9323e+14, 1.0117e+14, 0.285524, 1723.95, 569.241, 0.0895246489182
6.3462e+13, 3.4267e+14, 0.139413, 1485.69, 659.583, 0.0565691495689
1.9989e+14, 1.0507e+14, 0.524832, 1078.45, 299.487, 0.118110497303
9.6323e+13, 3.815e+14, 0.400726, 1402.81, 1130.47, 0.219631434492
6.2451e+13, 1.6934e+14, 0.250088, 1034.24, 444.429, 0.0720408690621
1.0291e+14, 4.3786e+14, 0.279401, 1868.75, 52.8759, 0.0179567858238
3.9886e+14, 1.4417e+14, 0.684056, 443.161, 212.994, 0.230326610275
2.8431e+14, 1.0213e+14, 0.261987, 1310.39, 1348.79, 0.166847907176
2.9734e+14, 7.7905e+13, 0.731601, 1517.46, 1215.08, 0.00729113174465
6.0334e+13, 1.5339e+14, 0.460023, 1368.32, 804.036, 0.237582555346
1.3022e+14, 1.7329e+14, 0.220871, 772.457, 943.775, 0.178223274619
6.5768e+13, 2.399e+14, 0.519638, 1731.1, 796.069, 0.143011887886
6.5556e+13, 2.7321e+14, 0.448565, 1123.99, 562.707, 0.12270659061
3.1585e+14, 8.5926e+13, 0.448474, 1648.26, 688.22, 0.151738709956
7.64e+13, 3.5902e+14, 0.547322, 1380.5, 144.755, 0.0306959293489
2.108e+14, 6.1275e+13, 0.43827, 1206.25, 1055.05, 0.243419800823
2.4479e+14, 1.0249e+14, 0.160907, 957.494, 941.295, 0.112803656264
1.6675e+14, 7.4541e+13, 0.0701498, 401.018, 1012.84, 0.0652234962073
8.0939e+13, 2.0594e+14, 0.344559, 578.492, 1444.79, 0.303008121029
2.0511e+14, 6.8708e+13, 0.83, 895.961, 110.062, 0.0947377666561
9.7217e+13, 2.5253e+14, 0.245155, 1350.63, 826.982, 0.130426390046
7.8634e+13, 5.2311e+14, 0.591476, 1521.08, 29.2444, 0.0842554019538
2.4235e+14, 6.278e+13, 0.312947, 1374.64, 962.322, 0.208738918845
6.859e+13, 1.8088e+14, 0.35719, 1310.4, 461.674, 0.103174857989
9.3806e+13, 2.4748e+14, 0.165, 1318.93, 821.379, 0.109587138839
7.6329e+13, 1.3328e+14, 0.434764, 969.202, 1146.38, 0.308908221156
1.9674e+14, 8.2609e+13, 0.422054, 1460.04, 891.274, 0.145731837384
7.1672e+13, 2.5277e+14, 0.30335, 1477.19, 681.911, 0.118919914167
9.7852e+13, 2.1304e+14, 0.331423, 987.738, 629.191, 0.138350689295
2.1429e+14, 6.1322e+13, 0.382549, 1223.01, 850.156, 0.230202346489
1.9601e+14, 8.8114e+13, 0.434562, 937.145, 600.953, 0.24692362495
2.0634e+14, 6.6967e+13, 0.106201, 147.061, 1261.48, 0.105486613003
2.6495e+14, 6.779e+13, 0.103078, -382.214, 941.965, 0.0545174705693
2.0516e+14, 6.1839e+13, 0.0461952, 302.081, 1400.61, 0.0451568555721
3.6414e+14, 1.1121e+14, 0.206398, 1411.75, 755.621, 0.131685814823
3.1329e+14, 1.0806e+14, 0.42043, 1124.66, 1338.64, 0.249488179911
1.5099e+14, 6.5038e+13, 0.40913, 1069.95, 1038.78, 0.309253316972
2.1565e+14, 6.7367e+13, 0.0857963, 863.084, 975.817, 0.0642656677377
6.2239e+13, 2.2106e+14, 0.550437, 589.699, 1125.32, 0.405022950654
8.5597e+13, 2.9701e+14, 0.721943, 1570.84, 477.815, 0.169672855966
1.0046e+14, 2.5002e+14, 0.316822, 1694.04, 253.789, 0.0447443941677
8.2821e+13, 4.644e+14, 0.441742, 1985.03, 935.342, 0.178110021602
4.7959e+14, 6.6073e+13, 0.298127, 1023.17, 2460.84, 0.275280654556
3.8334e+14, 1.4391e+14, 0.163417, 285.821, 1593.62, 0.160850391131
2.116e+14, 6.2545e+13, 0.590613, 1019.32, 74.1749, 0.0346596034114
1.738e+14, 4.022e+14, 0.464183, 2013.58, 822.519, 0.1694370909
1.1975e+14, 2.5691e+14, 0.199178, 147.191, 1813.75, 0.198525349985
8.3197e+13, 2.8156e+14, 0.215078, 1049.08, 1387.52, 0.189379034844
7.1084e+13, 2.1939e+14, 0.823818, -43.4697, 408.073, 0.266298613616
1.1523e+14, 6.0205e+14, 0.626193, 1897.33, 309.794, 0.101689238376
1.7799e+14, 6.8308e+13, 0.299414, 950.99, 1268.55, 0.232475346819
1.2356e+14, 2.2306e+14, 0.431742, 102.545, 459.012, 0.238288530597
1.95e+14, 6.0193e+13, 0.265962, 1640.03, 413.89, 0.0941400222812
4.8098e+14, 6.1416e+13, 0.650329, 1864.71, 207.541, 0.0465031656727
2.9838e+14, 6.9037e+13, 0.434015, 1390.25, 587.853, 0.136877035405
3.2376e+14, 8.4797e+13, 0.390053, 1107.38, 1653.38, 0.324079177779
1.9728e+14, 8.388e+13, 0.246223, 1055.45, 580.646, 0.0961591032593
4.3302e+14, 8.5032e+13, 0.598413, 1165.91, 344.083, 0.0509548854282
2.583e+14, 7.9269e+13, 0.12069, 311.633, 1797.54, 0.118916163657
5.3849e+14, 8.8396e+13, 0.815673, 1237.22, 162.688, 0.144530229694
4.2502e+14, 1.5233e+14, 0.216576, 1439.29, 194.293, 0.0491117903902
7.5694e+13, 1.8411e+14, 0.39984, 249.006, 1431.86, 0.39392767783
5.9737e+14, 6.4827e+13, 0.531225, 1940.36, 298.124, 0.111502362202
9.2418e+13, 2.5583e+14, 0.239629, 1392.19, 800.254, 0.123508070948
6.7438e+13, 3.1214e+14, 0.502817, 521.421, 1769.72, 0.449303412449
2.6526e+14, 9.4182e+13, 0.0614003, 1514.46, 356.157, 0.0140561083097
7.0684e+13, 1.8018e+14, 0.323759, 498.205, 1540.9, 0.311675168244
9.4723e+13, 2.3623e+14, 0.355246, 1502.6, 272.708, 0.0619260918875
6.6873e+13, 2.2694e+14, 0.105754, 945.266, 1362.93, 0.0868993828872
6.6285e+13, 2.1469e+14, 0.400999, 1514.49, 336.995, 0.0520211713634
6.135e+14, 7.1248e+13, 0.787178, 1262.15, 734.142, 0.339455587205
6.4735e+14, 8.4138e+13, 0.132801, 2118.25, 1656.32, 0.0818022143203
4.8368e+14, 8.1574e+13, 0.892392, 1370.95, 462.222, 0.213455775668
6.6661e+13, 1.775e+14, 0.731847, 661.782, 620.468, 0.364436473679
1.0547e+14, 3.9094e+14, 0.126159, 1225.83, 1277.84, 0.0910414029796
2.7081e+14, 1.0832e+14, 0.324185, 850.076, 1934.11, 0.290774834715
2.4199e+14, 6.1769e+13, 0.387035, 1087.28, 402.396, 0.0760564848774
2.1447e+14, 7.9199e+13, 0.15567, 1404.61, 513.575, 0.0427457776322
7.6129e+13, 1.9008e+14, 0.886459, 271.682, 370.109, 0.208246259283
4.1563e+14, 7.2166e+13, 0.717416, 1515.25, 238.458, 0.128043741835
6.1604e+13, 1.6985e+14, 0.23796, 1292.82, 722.983, 0.111439915142
1.1855e+14, 3.0318e+14, 0.694011, 1528.45, 57.7333, 0.0481799220045
1.8938e+14, 7.3036e+13, 0.169555, 1516.21, 254.68, 0.0223529014252
6.732e+13, 1.5306e+14, 0.422871, 1107.07, 580.97, 0.157755290276
4.6802e+14, 2.1948e+14, 0.156192, 346.174, 1697.8, 0.153043130309
7.4306e+13, 1.7126e+14, 0.386306, 553.755, 1198.56, 0.345270234484
7.3906e+13, 2.8116e+14, 0.455131, 1166.07, 1495.73, 0.343226337036
9.1712e+13, 2.817e+14, 0.132914, 1502.34, 375.605, 0.032237995678
1.5532e+14, 7.1695e+13, 0.338463, 1407.91, 165.771, 0.0360631886028
1.9039e+14, 3.9021e+14, 0.720139, 1658.61, 173.519, 0.0182063427173
4.0761e+14, 1.4866e+14, 0.151934, 1821.32, 599.518, 0.047504235298
3.1127e+14, 8.729e+13, 0.315376, 1497.94, 1178.35, 0.178579447548
9.0442e+13, 2.7358e+14, 0.610053, 1470.91, 478.171, 0.152539969466
8.3762e+13, 2.885e+14, 0.233401, 1161.94, 1486.22, 0.152503986931
2.4035e+14, 6.9319e+13, 0.428916, 1250.76, 83.66, 0.0302997232064
4.9102e+14, 7.1319e+13, 1.3717, 242.811, 296.792, 0.125589409874
6.2921e+13, 1.8597e+14, 0.480997, 1209.26, 862.038, 0.230373774632
6.2921e+13, 1.5605e+14, 0.470578, 1339.73, 155.7, 0.0116509395945
8.1951e+13, 1.4767e+14, 0.294279, 1099.34, 235.352, 0.0675394174137
7.9293e+13, 2.2795e+14, 0.662626, 740.764, 1135.02, 0.438503995748
1.2777e+14, 2.5084e+14, 0.341319, 1317.57, 665.79, 0.13929919183
6.819e+13, 2.8711e+14, 0.368614, 1289.65, 1619.51, 0.292036183687
1.9302e+14, 7.6658e+13, 0.213591, 911.064, 1237.11, 0.140326536002
7.5082e+13, 2.957e+14, 0.305092, 1489.03, 101.974, 0.00477349313513
1.5026e+14, 6.0499e+13, 0.229752, 1497.83, 509.572, 0.0739981217656
2.2252e+14, 9.9475e+13, 0.304672, 303.414, 1738.14, 0.290309006911
6.859e+13, 2.4743e+14, 0.333234, 1305.73, 219.532, 0.0345424971477
6.4192e+13, 1.7637e+14, 0.153056, 1388.16, 347.026, 0.0618089570806
2.4352e+14, 8.8184e+13, 0.0747329, 989.196, 840.086, 0.0483762154986
1.4809e+14, 9.9325e+13, 0.473313, -580.326, 1060.96, 0.413336578121
3.4634e+14, 6.2404e+13, 0.608149, -856.479, 142.833, 0.307042357254
7.146e+13, 2.1478e+14, 0.345863, 782.219, 1140.03, 0.270904221472
3.9136e+14, 1.238e+14, 0.479099, 1775.22, 161.333, 0.0513985812149
7.1766e+13, 2.9821e+14, 0.652743, 771.955, 441.598, 0.239414191189
6.526e+14, 1.2311e+14, 0.466262, 1431.86, 2833.1, 0.416134019545
4.1081e+14, 2.2678e+14, 0.607042, 1453.95, 674.81, 0.261877023862
6.1487e+13, 3.2698e+14, 0.429087, 1684.07, 119.448, 0.0452571555531
1.0503e+14, 2.6761e+14, 0.217074, 69.6759, 1747.86, 0.216901728882
3.8056e+14, 8.9721e+13, 0.935254, 173.395, 405.702, 0.227576108516
2.8779e+14, 1.0298e+14, 0.510784, 1954.1, 331.23, 0.0478096204394
4.0298e+14, 1.0874e+14, 0.501224, 1192.02, 1240.88, 0.338105150335
6.024e+13, 6.3749e+14, 0.100499, 1173.38, 140.535, 0.0119512896929
7.3577e+13, 1.6341e+14, 0.25632, 114.629, 1491.89, 0.255566730878
6.1745e+13, 2.1431e+14, 0.667608, 1292.23, 121.946, 0.0222808244948
1.8554e+14, 8.7478e+13, 0.311763, 2031.81, 535.207, 0.0239554725645
7.0754e+13, 1.5877e+14, 0.692216, 931.247, 982.908, 0.451354411794
2.5613e+14, 9.6064e+13, 0.14151, 1432.54, 824.238, 0.070572589092
7.1413e+13, 1.4812e+14, 0.577841, 1430.64, 406.778, 0.182842264616
2.7841e+14, 1.1236e+14, 0.0678233, 716.755, 1020.6, 0.0555032898988
4.6616e+14, 1.5143e+14, 0.630872, 1151.58, 725.858, 0.307940366624
1.9857e+14, 7.5294e+13, 0.377094, 420.8, 1621.06, 0.364997078851
1.3398e+14, 2.5117e+14, 0.221986, 1033.95, 1100.79, 0.162113544391
7.2824e+13, 4.6094e+14, 0.474696, 875.583, 1745.17, 0.391543810198
6.0028e+13, 2.925e+14, 0.402139, 1020.09, 1328.6, 0.30576673316
5.3273e+14, 8.5691e+13, 0.433008, 2397.12, 856.977, 0.160719447495
2.9386e+14, 1.1928e+14, 0.359583, 1829.01, 714.803, 0.162923206554
1.1286e+14, 9.1188e+14, 0.356916, 2674.91, 1245.02, 0.141000977776
8.0092e+13, 2.0252e+14, 0.426286, 624.829, 1177.99, 0.32363779587
2.9871e+14, 1.1102e+14, 0.231311, 329.124, 1547.53, 0.226250757659
6.7085e+13, 2.1629e+14, 0.333952, 1733.88, 735.334, 0.149734486294
1.6731e+14, 6.0616e+13, 0.0635295, 1344.37, 338.376, 0.0155066368647
1.718e+14, 7.5341e+13, 0.395727, 1484.54, 755.018, 0.173580340626
3.3267e+14, 7.6705e+13, 0.758989, 801.841, 703.508, 0.354672591697
2.0231e+14, 6.6873e+13, 0.0805233, 988.909, 1152.8, 0.0611170238361
8.8655e+13, 2.1015e+14, 0.278209, -1799.82, 531.251, 0.0991708877364
6.0522e+13, 1.6745e+14, 0.482883, -19.723, 1070.67, 0.474577598131
9.1571e+13, 5.2137e+14, 0.269544, -1605.15, 553.312, 0.0240618990923
4.2095e+14, 6.6591e+13, 0.558802, 1547.05, 875.737, 0.180922873931
2.0081e+14, 9.5005e+13, 0.158858, 839.145, 787.425, 0.116059665903
1.5454e+14, 3.7887e+14, 0.404351, 1484.92, 466.127, 0.107800512344
8.3362e+13, 2.6994e+14, 0.103557, 1148.09, 824.439, 0.0604033274226
7.2071e+13, 2.2748e+14, 0.302141, 987.437, 1200.47, 0.169081619091
1.9394e+14, 8.228e+13, 0.351973, 924.259, 1149.33, 0.258504221105
9.8134e+13, 1.5842e+14, 0.29831, 671.784, 1258.3, 0.261547964145
6.9955e+13, 2.1323e+14, 0.0744312, 1263.18, 254.89, 0.014722320428
7.1013e+13, 4.0347e+14, 0.324832, 1957.11, 405.749, 0.0725595605295
8.0586e+13, 3.1331e+14, 0.298203, 2219.23, 1437.15, 0.162092774328
7.9716e+13, 1.6026e+14, 0.214009, 894.489, 710.594, 0.157771438141
1.8966e+14, 6.0028e+13, 0.554707, 849.43, 1334.28, 0.440111621737
1.6421e+14, 6.4733e+13, 0.0669403, 225.222, 1434.45, 0.0661301449709
3.4488e+14, 1.2455e+14, 0.122784, 1377.76, 379.668, 0.0326195914552
2.0546e+14, 6.9249e+13, 0.369023, 1028.48, 767.144, 0.211663216888
3.1051e+14, 6.5368e+13, 0.476998, 1397.07, 848.175, 0.260109255389
1.8016e+14, 6.0146e+13, 0.346517, 1184.89, 9.35172, 0.00406298786376
3.1221e+14, 6.6803e+13, 0.201199, 1002.77, 494.29, 0.0975242890291
5.4663e+14, 1.5183e+14, 0.172916, 1531.87, 1296.98, 0.111733018534
7.2307e+13, 1.6451e+14, 0.465752, 1096.11, 115.596, 0.00143418932599
8.6961e+13, 1.9036e+14, 0.11456, 893.871, 568.323, 0.0672984256812
2.3658e+14, 6.031e+13, 0.316386, 1276.04, 288.746, 0.188802045573
4.9848e+14, 7.5176e+13, 0.0640312, -1273.43, 442.017, 0.128593883977
2.2699e+14, 7.7435e+13, 0.277173, 1694.1, 514.168, 0.114396242626
5.5888e+14, 7.2448e+13, 0.795239, 1443.43, 42.2316, 0.0842508744891
6.0263e+13, 6.215e+14, 0.738594, 1839.31, 128.353, 0.0244810723269
2.2965e+14, 6.7297e+13, 0.377864, 1078.7, 880.728, 0.284206598408
1.4894e+14, 3.4036e+14, 0.157272, 1159.65, 1053.72, 0.105764715355
7.1225e+13, 1.6501e+14, 0.37226, 1221.15, 443.016, 0.0594171201699
8.5173e+13, 2.156e+14, 0.193569, 532.464, 1689.07, 0.18461309944
3.7374e+14, 1.4626e+14, 0.483111, 1650.3, 121.435, 0.0373104894494
1.8622e+14, 6.2004e+13, 0.544426, 481.883, 1092.18, 0.461169945679
6.5909e+13, 4.0611e+14, 0.823043, 968.728, 212.995, 0.0501680420218
6.7108e+13, 1.5644e+14, 0.312834, 826.779, 916.978, 0.172465997542
7.6729e+13, 2.3738e+14, 0.502876, 1238.23, 187.11, 0.0907650444923
6.2686e+13, 2.1113e+14, 0.729951, 743.029, 247.108, 0.0542616734328
1.0481e+14, 4.2464e+14, 0.4993, -1267.25, 89.446, 0.067341730555
1.5005e+14, 3.8868e+14, 0.415933, 1606.25, 461.215, 0.0438153928487
4.997e+14, 1.0597e+14, 0.485386, 1681.22, 876.56, 0.204931873014
3.4634e+14, 7.3248e+13, 0.832845, 598.807, 1205.3, 0.45142014644
5.1864e+14, 1.6214e+14, 0.387816, 1831.43, 1102.27, 0.196990373052
1.7566e+14, 4.3241e+14, 0.234307, 255.726, 1705.94, 0.231717996814
7.1201e+13, 1.6569e+14, 0.174929, 1235.21, 978.511, 0.0851696698423
2.4969e+14, 1.0757e+14, 0.269386, 1277.68, 1077.04, 0.182412738897
4.4751e+14, 7.1201e+13, 0.880738, 1060.41, 585.782, 0.111592046133
7.8117e+13, 1.7743e+14, 0.22561, 585.822, 1313.05, 0.140581663095
2.5604e+14, 8.1716e+13, 0.414488, 1326.13, 335.399, 0.067111101734
1.3292e+14, 6.1722e+13, 0.308247, 1038.61, 714.944, 0.172508937404
3.2578e+14, 1.2062e+14, 0.0566859, 1105.01, 1479.2, 0.0454133316983
2.0137e+14, 3.4834e+14, 0.826075, 984.55, 704.515, 0.4552712068
1.7928e+14, 8.7549e+13, 0.156525, 1096.53, 267.957, 0.0644620439906
6.0616e+13, 5.3851e+14, 0.940288, 1311.5, 255.961, 0.131009710148
4.3793e+14, 1.1789e+14, 0.87196, 1565.12, 563.913, 0.139711002436
1.3972e+14, 6.4968e+13, 0.459783, 687.387, 749.403, 0.259633423806
7.4024e+13, 8.7547e+14, 1.11424, 1783.14, 1306.85, 0.432797971338
3.135e+14, 8.5103e+13, 0.214709, 468.622, 2036.14, 0.209238813025
3.5401e+14, 8.2845e+13, 0.480605, 623.002, 2341.46, 0.45769862758
7.7411e+13, 3.2968e+14, 0.39195, 549.088, 1595.48, 0.347767804213
8.5408e+13, 5.6408e+14, 0.5005, 1628.76, 1352.91, 0.289372693506
6.9508e+13, 1.9871e+14, 0.265895, 288.63, 1824.23, 0.262628053327
2.5206e+14, 1.5964e+14, 0.321428, 1361.12, 177.627, 0.0174782987639
2.6222e+14, 1.038e+14, 0.297489, 1026.04, 1511.92, 0.263630924175
1.0352e+14, 3.6549e+14, 0.502892, 1661.63, 241.646, 0.116252062333
1.9025e+14, 9.8252e+13, 0.199339, 726.908, 1436.06, 0.177852245271
1.5764e+14, 6.3321e+13, 0.354301, 1142.56, 778.075, 0.173555760388
7.2871e+13, 1.6691e+14, 0.723671, 540.046, 531.454, 0.335304388576
2.057e+14, 6.899e+13, 0.0659469, 142.465, 1276.4, 0.0655399206517
6.3524e+14, 7.0543e+13, 0.674544, 1673.14, 168.649, 0.125012128638
1.0157e+14, 1.0036e+15, 1.14384, 923.086, 490.67, 0.227990100386
3.756e+14, 1.1533e+14, 0.136382, 118.517, 1590.47, 0.136004920149
1.0411e+14, 2.9595e+14, 0.426597, 1377.02, 313.58, 0.0588365423121
3.1955e+14, 1.0305e+14, 0.395828, 1041.83, 875.19, 0.161154406945
3.9202e+14, 1.5971e+14, 0.342053, 1465.6, 945.457, 0.170052526517
6.605e+13, 2.0511e+14, 0.0509902, 809.807, 1007.89, 0.0397493308032
2.3045e+14, 7.6047e+13, 0.184662, 1442.06, 1543.06, 0.127679654811
6.1063e+13, 1.7921e+14, 0.245768, 1180.67, 413.103, 0.0511482841512
8.181e+13, 1.608e+14, 0.374066, 1177.24, 292.378, 0.0534263577794
1.1274e+14, 3.0981e+14, 0.153948, 1032.6, 928.84, 0.102955159279
5.3188e+14, 8.7126e+13, 0.839395, -485.516, 939.707, 0.487255344385
4.416e+14, 8.5009e+13, 0.362905, 1823.5, 375.359, 0.0658141569706
2.8269e+14, 1.4163e+14, 0.312091, 1877.25, 707.564, 0.107849262705
1.8985e+14, 6.8637e+13, 0.565103, 516.585, 207.673, 0.0133394969844
3.3963e+14, 6.151e+13, 0.442041, 1578.45, 1954.87, 0.335201200226
6.5626e+13, 3.673e+14, 0.0927362, 450.757, 1592.58, 0.0892309386698
5.1135e+14, 9.2371e+13, 0.51093, 1854.76, 470.359, 0.12384548422
3.9964e+14, 7.8564e+13, 0.551703, 1166.62, 695.241, 0.263763421397
2.6996e+14, 8.5456e+13, 0.344819, 1252.94, 309.158, 0.0700058156585
6.0593e+13, 1.428e+14, 0.190948, 1134.1, 451.348, 0.0706071030121
2.7831e+14, 6.3462e+13, 0.605723, 888.168, 211.976, 0.10531928247
1.1662e+14, 2.4329e+14, 0.265799, 1489.07, 477.029, 0.0914383290444
8.1198e+13, 1.7992e+14, 0.114455, 946.881, 435.348, 0.0478116922516
3.183e+14, 1.4111e+14, 0.28015, 1393.12, 1829.65, 0.236623976659
5.0243e+14, 2.0551e+14, 0.727874, 1318.89, 681.54, 0.28768533222
7.2989e+13, 2.4571e+14, 0.315436, 981.959, 1250.87, 0.232312595195
6.4262e+13, 2.3894e+14, 0.362476, 1357.74, 235.718, 0.0194150438695
1.7028e+14, 4.3163e+14, 0.591493, 1530.77, 621.963, 0.17528026638
8.1151e+13, 2.0683e+14, 0.286575, 1364.75, 458.348, 0.112172794129
8.7431e+13, 4.9032e+14, 0.547622, 1350.66, 194.965, 0.057101683534
8.5573e+13, 2.4254e+14, 0.12816, 584.211, 1369.19, 0.117878046976
2.6084e+14, 1.1507e+14, 0.293669, 1382.45, 705.409, 0.14302571488
7.7976e+13, 2.5623e+14, 0.224386, 1719.59, 581.192, 0.164649459289
8.2094e+14, 1.9286e+14, 0.444478, 1504.57, 1784.12, 0.329552077838
8.6279e+13, 2.4926e+14, 0.276043, 1101.3, 1078.73, 0.181795673255
1.9239e+14, 8.8066e+13, 0.220907, 1048.34, 927.535, 0.134322959078
3.2491e+14, 6.6144e+13, 0.227209, 1663.75, 189.985, 0.00465432697227
7.0919e+13, 2.6476e+14, 0.348784, 1640.24, 224.456, 0.0211669536798
7.5941e+14, 9.5335e+13, 1.26007, 591.199, 339.0, 0.427657132178
8.8325e+13, 1.945e+14, 0.122784, 691.487, 805.119, 0.0931453431549
8.1504e+13, 3.2456e+14, 0.300767, 717.191, 1038.45, 0.172405143359
2.5808e+14, 7.9857e+13, 0.168452, 1395.27, 195.035, 0.0312232885897
7.7411e+13, 1.8063e+14, 0.0768115, 209.796, 1061.36, 0.0753534884554
8.475e+13, 1.9446e+14, 0.580603, 991.328, 1383.92, 0.406191967514
6.6944e+13, 1.779e+14, 0.292233, 1053.07, 1594.9, 0.23887319561
7.1178e+13, 3.2968e+14, 0.410609, 1515.73, 527.836, 0.145733773332
4.9408e+14, 7.8446e+13, 0.668123, 1781.4, 1066.56, 0.470471848557
5.9468e+14, 2.4016e+14, 0.363677, 1895.52, 192.454, 0.0808584507653
3.9007e+14, 1.1512e+14, 0.512835, 1783.29, 310.054, 0.102435089663
1.3546e+14, 6.5255e+14, 0.0632851, -1418.43, 835.588, 0.0648660014005
2.2351e+14, 6.3345e+13, 0.678142, 1185.8, 812.907, 0.326134841478
1.3598e+14, 5.6185e+14, 0.461265, 1150.04, 2071.95, 0.348573276435
2.5931e+14, 6.525e+13, 0.331813, 1721.7, 122.49, 0.0667786863318
9.9569e+13, 2.2609e+14, 0.184932, 1245.82, 553.575, 0.0758759484107
1.4694e+14, 7.0919e+13, 0.161459, 982.808, 596.546, 0.127140252812
6.692e+13, 1.8093e+14, 0.41003, 1223.05, 456.613, 0.123655279281
6.6262e+13, 1.5096e+14, 0.2578, 1203.98, 1020.84, 0.160892079248
1.9683e+14, 1.3337e+14, 0.201604, 848.082, 552.367, 0.106217396049
6.7179e+13, 2.8758e+14, 0.366209, 1579.43, 742.883, 0.146032144737
7.193e+13, 1.7898e+14, 0.316228, 1270.11, 637.715, 0.124248445136
1.3612e+14, 2.6879e+14, 0.587844, 469.169, 1294.37, 0.111243331
2.073e+14, 8.2162e+13, 0.152778, 1254.5, 807.898, 0.0827197065965
3.5005e+14, 1.0423e+14, 0.083666, 296.891, 1537.22, 0.0821479216652
2.1593e+14, 8.1692e+13, 0.0461655, 1094.98, 941.633, 0.0301008037383
1.5951e+15, 9.8581e+13, 0.885479, 2212.02, 1491.47, 0.290226053184
1.0625e+14, 1.9387e+14, 0.376563, 1094.46, 1006.21, 0.228802999544
7.0119e+13, 6.6868e+14, 1.0096, 1505.19, 587.838, 0.126629815754
1.2431e+14, 3.0882e+14, 0.908034, 510.758, 186.937, 0.0515564152444
1.7804e+14, 6.8049e+13, 0.170587, 910.011, 556.363, 0.0889811397392
2.2038e+14, 7.0378e+13, 0.144392, 980.098, 1222.46, 0.11265539466
5.8807e+14, 9.1571e+13, 0.685627, 1523.08, 74.817, 0.0607927108346
1.4024e+14, 6.9061e+13, 0.117473, 538.31, 1403.82, 0.109685282578
2.4771e+14, 7.527e+13, 0.155242, 745.405, 1613.63, 0.140931733208
6.3956e+13, 2.8266e+14, 0.286398, 1150.71, 1561.5, 0.260308440422
7.1554e+13, 3.6078e+14, 0.361048, 1520.42, 795.407, 0.130611985708
2.0805e+14, 6.8261e+13, 0.323419, 1282.1, 182.095, 0.0801762642968
1.2481e+14, 3.1679e+14, 0.516236, 835.348, 1616.03, 0.387617965956
1.027e+14, 2.876e+14, 0.540786, 1254.09, 1074.5, 0.340446259043
7.8469e+13, 1.8161e+14, 0.111803, 1005.72, 595.628, 0.0569723588251
3.3032e+14, 8.6632e+13, 0.487647, 1727.66, 218.477, 0.0272422020702
3.5725e+14, 1.1206e+14, 0.317175, 2146.29, 724.105, 0.155013902038
6.0546e+13, 1.6644e+14, 0.674166, 1084.02, 255.731, 0.172066815616
7.8752e+13, 2.9631e+14, 0.3876, 1637.92, 877.61, 0.173070487309
4.9027e+14, 1.6745e+14, 0.203249, 1539.13, 263.792, 0.0290959370661
3.7762e+14, 6.1181e+13, 0.246171, 166.998, 2140.92, 0.245425492139
5.3583e+14, 8.1504e+13, 0.610408, 1216.6, 235.837, 0.0697798698789
2.3099e+14, 1.3349e+14, 0.254319, 537.087, 1147.9, 0.184726738582
4.3647e+14, 6.8755e+13, 0.549636, 1486.05, 474.967, 0.166358058623
1.9907e+14, 1.1359e+14, 0.301662, 383.766, 521.027, 0.0299180091877
1.3845e+14, 3.4006e+14, 0.219249, 854.888, 1421.96, 0.187904584706
1.4915e+14, 7.0684e+13, 0.0331662, 398.48, 1071.54, 0.0310862918923
4.6837e+14, 2.3172e+14, 0.163095, 1245.31, 719.711, 0.0816096539875
1.8088e+14, 6.6897e+13, 0.300333, 1441.83, 197.643, 0.072898896251
2.1951e+14, 1.0512e+14, 0.191552, 140.743, 1625.94, 0.190838376652
3.3295e+14, 8.3409e+13, 0.315303, 1392.26, 1558.34, 0.187771181316
2.5604e+14, 8.1716e+13, 0.769886, 1324.11, 679.569, 0.2327776588
1.8117e+14, 7.193e+13, 0.415602, 1.97208, 1594.76, 0.415601682235
1.1192e+14, 3.1188e+14, 0.328018, 1550.69, 1680.14, 0.240423993799
1.0289e+14, 2.0812e+14, 0.179967, 1228.94, 256.663, 0.0483540845372
8.8631e+13, 2.5006e+14, 0.0556417, 873.628, 751.112, 0.0362747963255
7.0331e+13, 2.0744e+14, 0.339395, 375.446, 1718.74, 0.309251280005
1.9072e+14, 6.3321e+13, 0.164924, 1211.33, 498.971, 0.0769350770785
1.8128e+14, 4.3777e+14, 0.369011, 1943.81, 230.028, 0.0822267999825
1.0056e+14, 2.4493e+14, 0.556928, 1188.13, 991.496, 0.279612165813
3.2587e+14, 6.6638e+13, 0.255539, 1048.93, 1475.74, 0.179095012083
1.7677e+14, 9.5382e+13, 0.51787, 1386.9, 208.181, 0.0866047502009
1.1641e+14, 6.2084e+14, 0.452345, -1454.93, 102.02, 0.242472737998
7.9763e+13, 1.9316e+14, 0.423269, 1200.33, 225.035, 0.117842690425
5.244e+14, 7.1742e+13, 0.480155, 1335.06, 1817.44, 0.33699958745
8.5032e+13, 1.7721e+14, 0.434153, 1126.8, 513.478, 0.1894522819
3.0614e+14, 7.9128e+14, 0.642464, 1602.35, 1139.84, 0.345172157887
2.0518e+14, 6.9672e+13, 0.406079, 850.367, 1050.31, 0.294769632222
9.2418e+13, 6.9421e+14, 0.570438, 2099.17, 816.601, 0.184861976025
3.6868e+14, 1.5064e+14, 0.276043, 74.9462, 1957.83, 0.275840968524
1.4904e+14, 3.4178e+14, 0.395221, 1519.84, 153.421, 0.0259425961464
3.338e+14, 7.8752e+13, 0.0345313, 670.544, 1285.46, 0.0306162046296
2.8154e+14, 9.6628e+13, 0.417852, 1634.3, 248.328, 0.054510838441
2.1419e+14, 3.5603e+14, 0.3, 1225.64, 333.924, 0.0709132917777
9.6038e+14, 3.803e+14, 0.0864234, 1219.33, 268.624, 0.0185936057521
8.4115e+13, 1.8138e+14, 0.503686, 462.237, 810.012, 0.378715473384
7.6799e+13, 1.655e+14, 0.462905, 763.535, 1032.31, 0.277764342054
9.056e+13, 2.0241e+14, 0.166132, 1258.7, 136.331, 0.0414619146106
2.0415e+14, 8.4374e+13, 0.389102, 832.897, 1478.96, 0.313196072668
2.5613e+14, 7.0354e+13, 0.502519, 1217.57, 797.088, 0.261498612097
3.4283e+14, 1.4711e+14, 0.362438, 1580.29, 1187.16, 0.224695027508
3.0132e+14, 1.165e+14, 0.0696681, 1054.05, 1105.07, 0.0504127927442
1.3266e+14, 7.6164e+13, 0.170587, 829.136, 262.035, 0.0745891229202
4.3012e+14, 1.3377e+14, 1.04144, 1053.47, 650.469, 0.314918044031
3.3477e+14, 1.2899e+14, 0.453982, 1173.8, 763.818, 0.208352199911
7.3365e+13, 1.7637e+14, 0.543415, 846.477, 1132.76, 0.394532958179
8.2962e+13, 2.213e+14, 0.222261, 1300.87, 1049.97, 0.138861594247
2.2252e+14, 9.5805e+13, 0.491232, 1029.15, 594.265, 0.217070068093
2.5319e+14, 1.2476e+14, 0.122066, 655.903, 121.085, 0.0221599278485
1.9975e+14, 6.0499e+13, 0.60407, 1122.67, 330.203, 0.108991695682
6.2663e+13, 2.8092e+14, 0.431538, 1325.23, 220.016, 0.0831264993245
1.7809e+14, 7.313e+13, 0.243721, 1152.32, 185.327, 0.0295028890034
9.2583e+13, 1.616e+14, 0.274549, 1247.74, 19.9302, 0.0242634852885
1.2777e+14, 3.3919e+14, 0.222935, 275.969, 1770.49, 0.220275163165
3.1007e+14, 1.3619e+14, 0.276767, 1833.68, 485.178, 0.0741502038211
1.8027e+14, 6.6026e+13, 0.276586, 1081.29, 760.726, 0.154232955769
2.2529e+14, 6.9884e+13, 0.0608276, 775.131, 1114.39, 0.0499357271373
1.822e+14, 9.7287e+13, 0.19908, 1232.07, 298.143, 0.0979473422544
9.5147e+14, 1.8495e+14, 0.453171, 2505.15, 635.467, 0.100011247314
9.8322e+13, 2.0944e+14, 0.399249, 1363.15, 328.704, 0.0724277937082
9.2936e+13, 3.1891e+14, 0.676971, 1310.15, 762.695, 0.214853456674
6.1534e+13, 1.3102e+14, 0.130015, 223.663, 988.68, 0.102947480247
2.4289e+14, 1.1192e+14, 0.187374, 1254.94, 485.075, 0.0754728459958
2.6363e+14, 6.6732e+13, 0.103947, 646.715, 1451.84, 0.0949526729784
3.2825e+14, 8.7761e+13, 0.30249, -1337.8, 131.343, 0.0575517812301
1.0122e+14, 2.2101e+14, 0.449115, 1089.8, 959.736, 0.188368618809
1.4638e+14, 3.7419e+14, 0.344337, 778.819, 1909.94, 0.287041685134
4.5809e+14, 1.6153e+14, 0.3245, 1469.27, 1949.91, 0.261121530328
2.0902e+14, 6.8284e+13, 0.537882, 1543.25, 370.417, 0.187277097858
1.8999e+14, 6.6779e+13, 0.740989, 1629.85, 783.776, 0.205246106732
1.4014e+14, 6.2004e+13, 0.38092, 870.383, 703.049, 0.19507692479
6.565e+13, 3.5838e+14, 0.532353, 1567.84, 47.4648, 0.050330231486
9.9969e+13, 4.8491e+14, 0.926674, 656.386, 1245.87, 0.472009503296
7.894e+13, 2.2322e+14, 0.214534, 515.731, 1385.1, 0.201049582675
7.1319e+13, 4.1239e+14, 0.337194, 1805.39, 1302.48, 0.22266023621
1.054e+14, 5.3924e+14, 0.263489, 971.979, 964.659, 0.166616327695
1.1356e+14, 2.4879e+14, 0.660548, 507.962, 325.958, 0.207414373887
4.2645e+14, 1.9098e+14, 0.380764, 1511.04, 1514.97, 0.273158944953
1.7987e+14, 1.2307e+15, 0.600916, 2559.92, 289.288, 0.0520360823421
3.8484e+14, 1.1992e+14, 0.53376, 1085.44, 1791.73, 0.479335492085
7.7387e+13, 1.5336e+14, 0.740608, 1366.66, 1124.7, 0.478552088009
1.5816e+14, 5.2972e+14, 0.40272, 2125.56, 550.409, 0.0949504314276
2.3125e+14, 1.0281e+14, 0.455416, 1572.2, 213.115, 0.0854424752058
8.4891e+13, 2.0445e+14, 0.116009, 1171.62, 322.077, 0.0307500200609
6.4333e+13, 6.3382e+14, 0.0886792, -731.598, 407.693, 0.0790551488856
6.0616e+13, 6.1489e+14, 0.738252, -1148.32, 672.099, 0.301375129907
7.5741e+13, 3.3542e+14, 0.817144, 467.16, 1156.48, 0.43240566227
4.217e+14, 7.64e+13, 0.322057, -1671.5, 145.909, 0.146946715369
6.3509e+13, 3.2357e+14, 0.545072, 1684.41, 467.912, 0.179274189285
8.0751e+13, 1.8493e+14, 0.379078, 945.134, 1056.81, 0.261516518708
2.6295e+14, 7.6588e+13, 0.115758, 1374.29, 515.436, 0.040650688624
2.5488e+14, 1.273e+14, 0.389487, 623.181, 1495.27, 0.321247504943
2.5839e+14, 1.0399e+14, 0.375371, 1367.83, 450.31, 0.0300318783657
4.7672e+14, 1.7783e+14, 0.294958, 1592.65, 123.176, 0.0657749177668
5.2986e+14, 1.7853e+14, 0.213825, 926.24, 1559.49, 0.183843285482
3.0541e+14, 8.6608e+13, 0.608612, 1496.98, 932.032, 0.211851165273
8.2703e+13, 1.2227e+14, 0.358948, 267.377, 1265.67, 0.318407151544
2.0509e+14, 7.767e+13, 0.272119, 1238.35, 332.634, 0.0988416292766
6.3371e+14, 1.7761e+14, 0.558749, 2093.86, 225.981, 0.0608994559715
4.7731e+14, 1.1189e+14, 0.32078, 1672.07, 1389.1, 0.191225112194
8.2892e+13, 1.827e+14, 0.238948, 403.163, 1584.31, 0.231567880974
6.899e+13, 2.1043e+14, 0.564469, 1146.1, 1014.47, 0.288990290185
9.3288e+13, 3.4723e+14, 1.3079, 1126.62, 564.57, 0.264628049636
7.2071e+13, 1.7936e+14, 0.211102, 948.372, 1097.88, 0.184587819817
5.6641e+14, 1.2079e+14, 0.755976, 1372.43, 1585.05, 0.449165364915
2.3677e+14, 7.9904e+13, 0.169115, 158.012, 1856.21, 0.168505567601
8.11823e+13, 1.4101e+14, 0.520865, 1261.35, 390.397, 0.114519525516
6.478e+13, 2.9713e+14, 0.563294, 1482.15, 415.803, 0.118670593724
5.3964e+14, 8.0657e+13, 0.631585, 1454.55, 1312.91, 0.199478307067
7.4165e+13, 2.033e+14, 0.171172, 1396.09, 118.336, 0.0108870398759
4.2406e+14, 8.4185e+13, 0.978724, 1488.73, 84.3721, 0.0804119966305
9.4347e+13, 4.2481e+14, 0.794043, 1436.7, 110.896, 0.0949778204185
2.0591e+14, 7.0425e+13, 0.493457, 844.835, 1108.03, 0.300540616796
5.5277e+14, 1.9744e+14, 0.194422, 1004.23, 1378.19, 0.157132436473
5.6968e+14, 1.094e+14, 0.676609, -1802.73, 377.187, 0.205941788051
1.3763e+14, 6.9837e+13, 0.223955, 942.198, 878.914, 0.138542938332
2.2122e+14, 8.7549e+13, 0.259347, 1727.43, 261.797, 0.0619032524862
1.0717e+14, 3.7066e+14, 0.206594, 360.837, 2010.66, 0.203345417135
9.0254e+13, 1.8547e+14, 0.412583, 1273.96, 479.222, 0.110806409002
1.6971e+14, 7.5318e+13, 0.207123, 649.926, 1225.35, 0.175133200727
3.3432e+14, 6.9907e+13, 0.25319, -1068.26, 271.323, 0.0316443883557
4.9448e+14, 7.8375e+13, 0.686009, -729.197, 651.394, 0.187988985529
8.6867e+13, 4.0825e+14, 0.387814, 1506.44, 512.812, 0.140110874167
9.7287e+13, 3.2432e+14, 0.115827, 1664.62, 348.156, 0.0237121867946
2.15795e+14, 3.1543e+14, 1.02611, 841.807, 105.653, 0.199398459787
3.1037e+14, 6.1863e+13, 0.255233, 740.49, 1913.68, 0.238034267991
6.4989e+14, 6.0052e+13, 0.35916, 2299.11, 1375.71, 0.19670704301
3.971e+14, 9.3759e+13, 0.444425, 1591.81, 826.329, 0.183443512911
1.8578e+14, 6.4121e+13, 0.21712, 1306.17, 124.123, 0.0182008205638
2.2233e+14, 8.2798e+13, 0.640234, 1245.63, 28.651, 0.0325522675124
6.7285e+13, 1.8782e+14, 0.804612, 53.3314, 462.181, 0.244428893818
2.1372e+14, 6.525e+13, 0.463211, 715.607, 1289.15, 0.346333631915
1.9883e+14, 7.3977e+13, 0.321156, 1462.31, 837.596, 0.133863475869
3.1894e+14, 9.096e+13, 0.56259, 1203.25, 122.109, 0.0641891135184
6.0687e+13, 1.7486e+14, 0.295806, 1054.88, 1219.73, 0.194742117537
3.6022e+14, 7.8446e+13, 0.413884, 1550.53, 327.952, 0.124769346103
4.4857e+14, 1.2939e+14, 0.304959, 529.311, 2035.51, 0.29514341518
3.2305e+14, 1.2067e+14, 0.56719, 1980.71, 673.679, 0.183910756888
3.1296e+14, 6.2898e+13, 0.41854, 1055.94, 565.383, 0.155873264936
6.8092e+14, 1.2253e+14, 0.701285, 1554.57, 605.865, 0.235616469857
1.1916e+14, 2.976e+14, 0.313568, 1719.67, 303.495, 0.0882371268876
3.637e+14, 7.393e+13, 0.359061, 231.475, 1716.11, 0.355838603277
3.3731e+14, 6.0993e+13, 0.453204, 1912.22, 1257.22, 0.274816607156
6.2451e+13, 3.9319e+14, 0.17128, 2234.05, 383.445, 0.0261285864253
3.2479e+14, 1.5844e+14, 0.57011, 1072.36, 1241.48, 0.379595150321
3.0837e+14, 1.1886e+14, 0.07, 401.311, 1257.06, 0.0666842755411
8.5949e+13, 7.619e+14, 0.526862, 2320.41, 883.255, 0.173723036575
6.1298e+13, 4.3024e+14, 0.251992, 1825.32, 1049.61, 0.135027767299
2.0735e+14, 5.7685e+14, 0.546201, 1356.47, 1426.24, 0.382717140817
3.382e+14, 7.5482e+13, 0.148997, 1765.25, 452.632, 0.0370074731941
8.1668e+13, 4.2097e+14, 0.79235, 896.088, 223.567, 0.199499412353
3.1461e+14, 6.6991e+13, 0.284092, 1927.67, 705.308, 0.0976164395097
7.8728e+13, 4.3335e+14, 0.304795, 1705.36, 447.646, 0.149033082987
1.1451e+14, 6.4098e+13, 0.517108, 572.089, 934.22, 0.347130560859
9.1054e+13, 6.6661e+14, 0.808428, 1130.36, 993.276, 0.457834109295
6.111e+13, 2.8391e+14, 0.745678, 826.422, 960.695, 0.408065013784
4.4605e+14, 6.4286e+13, 0.698928, 1814.55, 1062.21, 0.25487471295
9.5217e+13, 4.974e+14, 0.361836, 1438.85, 201.488, 0.0593801640711
1.1082e+15, 2.3496e+14, 0.421652, 1087.21, 311.992, 0.0781882049545
2.8899e+14, 6.5673e+13, 0.4988, 1369.47, 435.244, 0.0947124528719
5.2882e+14, 9.7922e+13, 0.5989, 1651.06, 164.117, 0.0468870805644
3.9816e+14, 8.4679e+13, 0.377757, 1876.62, 672.359, 0.127412612591
8.9995e+13, 2.4776e+14, 0.130315, 675.558, 1218.14, 0.113962895493
6.7353e+14, 9.8252e+13, 0.581587, 1413.57, 417.47, 0.104834187067
6.031e+13, 2.0681e+14, 0.130246, 898.515, 731.867, 0.0822555596886
5.6949e+14, 7.4377e+13, 0.384537, 1945.97, 694.357, 0.156767101247
2.2419e+14, 6.645e+13, 0.327855, 587.686, 1705.01, 0.263610430891
6.9249e+13, 1.2151e+14, 0.326725, 1433.87, 1074.78, 0.179140516973
1.6357e+14, 7.2918e+13, 0.237268, 595.069, 618.968, 0.171043395172
8.5253e+14, 1.4511e+14, 0.711126, 1881.31, 89.7029, 0.0191728540729
6.1962e+14, 1.0373e+14, 0.791073, 1698.85, 157.234, 0.106913069008
3.0101e+14, 1.2149e+14, 0.271293, 351.617, 1576.38, 0.264786024094
6.7814e+13, 2.6813e+14, 0.362939, 1558.9, 175.27, 0.0337167000909
2.3908e+14, 7.0025e+13, 0.354887, 1378.38, 964.29, 0.185618764177
3.6109e+14, 1.1356e+14, 0.431576, 1718.27, 507.343, 0.111157135378
2.3444e+14, 7.4447e+13, 0.357911, 636.703, 1632.22, 0.324038869561
2.4409e+14, 6.6897e+13, 0.364692, 1235.66, 1250.48, 0.250921421936
3.888e+14, 9.0724e+13, 0.853363, 939.436, 775.818, 0.358603468431
8.93287e+13, 1.8841e+14, 0.605747, 655.244, 1012.24, 0.339257983921
8.515e+13, 4.9356e+14, 1.23324, 790.266, 578.471, 0.461383750573
3.6306e+14, 7.9105e+13, 0.513065, 1282.85, 297.566, 0.095520693898
3.8778e+14, 8.0845e+13, 0.261534, 1567.62, 1345.06, 0.194589725627
1.0721e+15, 6.9766e+13, 0.629474, -1042.57, 572.455, 0.102883681635
3.4422e+14, 6.6403e+13, 0.395221, 1507.99, 391.32, 0.127007708354
6.0122e+13, 1.7439e+14, 0.0778524, 966.272, 924.315, 0.0538150088275
1.0103e+14, 2.4207e+14, 0.230367, 1226.18, 855.591, 0.130114825989
6.6073e+13, 1.568e+14, 0.255649, 914.257, 1545.1, 0.220017422301
7.36e+13, 2.6032e+14, 0.204695, 926.813, 1380.87, 0.172649890038
2.5357e+14, 6.2427e+13, 0.418927, 1300.61, 596.113, 0.137476950949
2.781e+14, 1.0265e+14, 0.421759, 1213.11, 330.03, 0.0829923208439
3.5448e+14, 6.8967e+13, 0.495423, 1252.18, 1893.2, 0.39185681783
7.0197e+14, 6.8661e+13, 0.547175, 1796.7, 1040.13, 0.238791022213
8.1457e+13, 3.4046e+14, 0.778781, 1225.85, 685.558, 0.159303465913
9.0301e+13, 8.1469e+14, 0.314643, 2489.76, 605.113, 0.108882119331
8.4395e+14, 2.5684e+14, 0.249199, 29.8966, 2865.28, 0.249185435921
4.2911e+14, 1.615e+14, 0.43589, 1747.02, 837.694, 0.192273610932
6.4639e+13, 1.9269e+14, 0.452659, 449.441, 1658.93, 0.427459658901
5.339e+14, 1.0552e+14, 0.723644, 1521.49, 126.618, 0.0814409499235
1.1418e+14, 3.4641e+14, 0.27676, 1808.13, 857.441, 0.105482885429
7.3342e+13, 1.8234e+14, 0.496442, 50.694, 1634.18, 0.49620330762
4.7714e+14, 6.1228e+13, 0.829798, 1181.34, 1566.92, 0.459795220357
9.1571e+13, 2.5171e+14, 0.508386, 1266.93, 1276.5, 0.40301101081
8.3339e+13, 2.0561e+14, 0.249468, 1271.15, 996.7, 0.149068014992
7.8493e+13, 1.9192e+14, 0.3049, 1122.67, 320.684, 0.0783280377597
4.2676e+14, 7.4165e+13, 0.470724, -1707.84, 105.925, 0.252547833056
6.9178e+13, 4.1596e+14, 0.70828, 929.168, 124.003, 0.0941195398657
3.9639e+14, 9.303e+13, 0.220057, -1061.0, 732.196, 0.120139863167
8.1763e+13, 1.7837e+14, 0.265518, 749.088, 953.522, 0.193430795917
3.8524e+14, 6.4286e+13, 0.601871, 1396.5, 1337.32, 0.451706914173
1.1759e+14, 2.5152e+14, 0.352329, 448.406, 1386.22, 0.335226944724
3.0428e+14, 8.1598e+13, 0.908949, 218.668, 535.998, 0.284815738151
8.1292e+13, 3.6452e+14, 0.327287, 358.756, 2196.38, 0.323006480722
2.6349e+14, 1.1902e+14, 0.135926, 1272.4, 81.2551, 0.00639669477364
2.7137e+14, 8.101e+13, 0.17958, 660.143, 1831.59, 0.168941897218
2.8678e+14, 8.3762e+13, 0.235538, 399.897, 1765.46, 0.229718572932
9.1642e+13, 2.6415e+14, 0.344819, 1404.29, 408.229, 0.113369182503
8.1692e+13, 2.4524e+14, 0.11225, 766.6, 1187.81, 0.0943134963675
1.8547e+14, 6.0969e+13, 0.192094, 1254.78, 285.44, 0.0373307533469
8.7126e+13, 3.879e+14, 0.323419, -1428.34, 285.589, 0.170580080842
3.7214e+14, 6.0216e+13, 0.483166, 934.852, 1859.18, 0.390449464346
6.5156e+13, 2.1786e+14, 0.344778, 1414.49, 449.825, 0.0414332122228
2.0909e+14, 6.2286e+13, 0.30004, 1100.41, 323.26, 0.0845672755443
4.44e+14, 8.8231e+13, 0.0932792, 2000.23, 725.443, 0.0318034227028
7.1272e+13, 6.9423e+14, 0.802558, 815.0, 125.221, 0.0839052724203
1.1912e+14, 7.4127e+14, 0.448379, 1806.99, 1133.28, 0.248147390702
6.6591e+13, 3.3585e+14, 0.426, 1515.55, 53.8564, 0.028074386154
1.5452e+14, 4.4537e+14, 0.376032, 2090.69, 302.23, 0.0541212748958
6.4756e+14, 1.0945e+14, 0.382624, 153.14, 2220.48, 0.381717266094
7.1796e+14, 1.0237e+14, 0.152971, 1142.86, 293.134, 0.0498094934227
1.3069e+14, 3.4916e+14, 0.277308, 1165.29, 1677.67, 0.235961572373
6.2804e+13, 2.1901e+14, 0.530083, 820.967, 198.202, 0.0920529818279
8.6349e+13, 4.8679e+14, 0.806226, 1755.87, 332.673, 0.0967962399288
7.0801e+13, 2.1033e+14, 0.266353, 1422.92, 119.238, 0.045669013715
9.2512e+13, 2.0483e+14, 0.310644, 339.781, 1515.15, 0.303115558023
6.2392e+14, 6.9461e+13, 0.751199, -1480.91, 208.449, 0.429164491153
2.0135e+14, 7.3718e+13, 0.440024, 55.3298, 2349.8, 0.439902066729
1.3751e+14, 8.6436e+14, 0.913345, -1024.4, 412.275, 0.0413399982556
1.4278e+14, 2.9932e+14, 0.392173, 1420.78, 429.367, 0.0689768018754
6.2827e+13, 1.5348e+14, 0.225311, 847.797, 966.339, 0.151681659707
7.2707e+13, 1.0501e+15, 0.766095, 2149.3, 1332.87, 0.250035440268
1.5757e+14, 7.1413e+13, 0.266833, 509.028, 1475.45, 0.252243421466
1.5595e+14, 6.4733e+13, 0.130342, 1061.35, 456.926, 0.0507257319635
2.5573e+14, 8.2209e+13, 0.316228, 1547.6, 1107.76, 0.199276674788
2.1417e+14, 7.2565e+13, 0.434631, 1432.87, 432.211, 0.0647419753824
9.397e+13, 1.839e+14, 0.757092, 880.688, 933.248, 0.368844635388
6.6991e+13, 1.8274e+14, 0.260058, 1433.03, 492.736, 0.0747732555736
6.645e+13, 2.0565e+14, 0.226495, 1574.76, 469.156, 0.0485180788236
2.9673e+14, 1.087e+14, 0.307896, 919.031, 1414.24, 0.287350179204
6.4192e+13, 3.2863e+14, 0.290689, 480.533, 1933.87, 0.282110190281
4.5927e+14, 6.0616e+13, 0.206155, -1162.63, 296.446, 0.190028184059
4.7519e+14, 9.1101e+13, 0.0583095, 230.203, 2071.15, 0.0579526325766
8.522e+13, 1.9904e+14, 0.103923, 662.515, 1388.62, 0.0937947182205
6.979e+13, 1.9759e+14, 0.301655, 859.279, 1440.36, 0.262788336534
1.6362e+14, 2.2e+14, 0.444973, 807.42, 557.297, 0.186963629319
6.7649e+13, 1.4995e+14, 0.16694, 63.7031, 1393.13, 0.166765743955
3.4796e+14, 6.5815e+13, 0.207364, -1102.19, 35.3152, 0.378072785612
2.201e+14, 8.9054e+13, 0.393573, 1482.32, 566.327, 0.168369106495
1.3662e+14, 6.4192e+13, 0.267208, 507.263, 1267.12, 0.243322150949
1.723e+14, 6.7438e+13, 0.246051, 477.147, 1621.88, 0.236047975991
8.4326e+13, 6.8905e+14, 0.536749, 2188.45, 1029.23, 0.24501460353
5.5787e+14, 6.4168e+13, 0.123575, 1306.09, 1749.44, 0.099022505084
5.112e+14, 1.4047e+14, 0.554023, 895.684, 2216.94, 0.479501785342
4.8869e+14, 7.7787e+13, 0.729178, 1177.17, 1208.25, 0.429836145199
6.6332e+13, 3.3065e+14, 0.256234, 1841.17, 258.319, 0.0356013365943
6.6003e+13, 1.8342e+14, 0.273481, 1406.85, 661.871, 0.089173054671
2.4966e+14, 6.4121e+13, 0.0257379, -652.208, 564.863, 0.145269273025
1.0067e+14, 4.5233e+14, 0.291548, 1837.04, 953.089, 0.214976196346
4.6491e+14, 1.8639e+14, 0.364265, 2006.21, 176.896, 0.0241739530074
1.0039e+14, 2.4952e+14, 0.166724, 1008.37, 862.868, 0.115559821617
3.6215e+14, 6.144e+13, 0.424971, 1434.86, 216.115, 0.055580851438
5.22e+14, 1.7157e+14, 0.627064, 1518.33, 464.738, 0.0547355947999
6.4286e+13, 3.6563e+14, 0.468462, 1327.87, 455.523, 0.0490719069615
2.2508e+14, 7.2965e+13, 0.362767, 962.436, 852.074, 0.199764121839
1.0724e+14, 1.8288e+14, 0.383797, 1404.96, 423.221, 0.0991279660211
4.2246e+14, 1.0224e+15, 0.287117, 2280.92, 288.212, 0.0179546501481
6.151e+13, 1.6879e+14, 0.269168, 940.144, 840.781, 0.15527877579
5.1868e+14, 7.8611e+13, 0.962053, 658.235, 227.67, 0.149870781071
2.276e+14, 8.9878e+13, 0.0802257, 411.785, 1212.76, 0.0759660644693
1.7517e+14, 6.4262e+13, 0.350657, 384.623, 1935.87, 0.343934359684
7.9246e+13, 1.4301e+14, 0.433752, 657.31, 880.798, 0.313903126419
1.8766e+14, 6.652e+13, 0.405586, 918.936, 630.474, 0.198520161467
2.3491e+14, 1.0543e+14, 0.348723, 1453.03, 539.6, 0.107984758406
1.7065e+14, 8.5573e+13, 0.354542, 877.828, 580.322, 0.160387981805
1.0364e+14, 2.1932e+14, 0.24, 1056.7, 1854.44, 0.147952813792
1.3431e+14, 4.7825e+14, 0.628172, 1466.69, 813.576, 0.285014208126
4.2521e+14, 1.3078e+14, 0.465403, 1383.24, 537.632, 0.117131998237
7.6705e+13, 4.0517e+14, 0.653097, 1375.57, 61.1101, 0.0586995290429
6.5626e+13, 2.7203e+14, 0.161555, 1466.07, 808.324, 0.0757714900739
1.9088e+14, 7.0966e+13, 0.446542, 1097.82, 46.6769, 0.00642275473231
3.9239e+14, 6.3956e+13, 0.446342, 1271.31, 707.474, 0.209773002317
1.4904e+14, 7.4024e+13, 0.251175, 1187.75, 612.249, 0.104718969982
6.2404e+13, 2.837e+14, 0.20445, 1523.95, 292.594, 0.038549712809
1.5499e+14, 3.4236e+14, 0.305247, 501.469, 2010.58, 0.29617380375
9.0066e+13, 4.7881e+14, 0.470626, 1473.96, 136.78, 0.0162734155583
4.4548e+14, 6.859e+13, 1.24213, 65.521, 419.756, 0.172406201316
7.1578e+13, 3.242e+14, 0.216795, 1743.49, 734.317, 0.101609678978
6.7569e+14, 1.5494e+14, 0.895076, 2069.21, 311.939, 0.0455949929886
6.7673e+13, 1.663e+14, 0.225752, 1413.37, 21.0493, 0.0195952911559
1.5343e+14, 6.8237e+13, 0.837328, 315.082, 648.292, 0.487732135295
2.4907e+14, 9.2253e+13, 0.161768, 299.215, 1104.71, 0.156141929831
8.2539e+13, 2.7749e+14, 0.464956, 586.755, 1535.84, 0.383540709827
2.3e+14, 9.11713e+13, 0.858178, 989.572, 518.348, 0.296434487387
1.3255e+14, 7.3718e+13, 0.420387, 435.317, 1295.48, 0.329044072542
4.2029e+14, 1.5753e+14, 0.567803, 1470.57, 498.839, 0.133121741564
1.8702e+14, 7.8822e+13, 0.671287, 974.845, 994.604, 0.40662745696
2.5117e+14, 6.565e+13, 0.637119, 1007.27, 591.193, 0.243470018242
3.7948e+14, 6.2239e+13, 0.247184, -1295.62, 266.522, 0.119740266614
9.2888e+13, 2.0603e+14, 0.250242, 1340.25, 1022.13, 0.159431465449
8.1104e+13, 2.0671e+14, 0.236983, 1747.08, 455.175, 0.0488094405605
8.0822e+13, 2.3851e+14, 0.287786, 1365.35, 330.002, 0.0513445791893
1.5986e+14, 3.9581e+14, 0.351852, 614.181, 2211.94, 0.322640956054
1.432e+14, 3.3676e+14, 0.46868, 1225.36, 1284.83, 0.300110141481
1.95e+14, 9.4206e+13, 0.186011, 1210.72, 852.517, 0.107092530932
7.9551e+13, 1.3382e+14, 0.331813, 1571.24, 369.325, 0.126867328971
3.6005e+14, 8.32215e+13, 0.963068, 1746.95, 496.28, 0.125740500866
2.7596e+14, 8.555e+13, 0.374833, 1466.76, 220.889, 0.0792528253713
2.7836e+14, 8.6161e+13, 0.181353, 911.917, 1602.43, 0.157617452473
1.0336e+14, 2.9365e+14, 0.235502, 1578.23, 174.711, 0.0483667931532
2.4764e+14, 1.1124e+14, 0.163095, 1316.64, 230.364, 0.0252504455836
8.1998e+13, 4.5113e+14, 0.830877, 826.341, 20.5458, 0.0630412473516
8.1245e+13, 2.1697e+14, 0.401373, 1348.97, 236.343, 0.0377823688557
9.1712e+13, 2.1229e+14, 0.145451, 585.56, 766.205, 0.115566443964
1.0307e+14, 2.957e+14, 0.352563, 1735.49, 279.139, 0.0313888706612
1.0413e+14, 2.0913e+14, 1.13213, -50.4157, 549.231, 0.332582404144
8.6185e+13, 2.1796e+14, 0.392841, 1430.4, 1171.14, 0.337271671037
1.4024e+14, 8.3386e+13, 0.499216, 718.11, 812.625, 0.38493976261
6.6638e+13, 2.125e+14, 0.470123, 1255.13, 482.221, 0.105357300156
2.8847e+14, 9.7028e+13, 0.139284, -927.151, 67.369, 0.164813632792
5.7356e+14, 1.9982e+14, 0.169706, 1620.33, 1482.61, 0.114561423534
4.6583e+14, 1.8898e+14, 0.492183, 1864.63, 965.35, 0.248254759915
7.52e+13, 2.2275e+14, 0.399261, 930.308, 1191.76, 0.314724040245
5.8328e+14, 6.1698e+13, 0.557674, 768.9, 501.833, 0.167172866768
9.4229e+13, 2.4696e+14, 0.0538516, 908.767, 841.187, 0.0365810295881
4.1081e+14, 6.6497e+13, 0.665357, 1249.22, 324.893, 0.132161734828
2.2598e+14, 6.7838e+13, 0.279643, 1767.62, 1285.98, 0.177175980281
4.1227e+14, 2.5726e+14, 0.292916, 1376.28, 770.344, 0.146885344248
3.1388e+14, 6.0546e+13, 0.391496, 1437.74, 871.948, 0.232670683996
1.9213e+14, 6.7297e+13, 0.27818, 1562.15, 258.537, 0.0606437335924
1.344e+14, 4.3321e+14, 0.354177, 439.818, 1900.9, 0.345061204451
2.0549e+14, 6.0969e+13, 0.439006, 1046.08, 1003.64, 0.328203557622
3.4121e+14, 1.1234e+14, 0.067082, 900.842, 1112.97, 0.0521422038585
1.0016e+14, 4.5774e+14, 0.592558, 1602.7, 100.712, 0.0184827897277
2.2381e+14, 8.3315e+13, 0.380921, -1165.74, 754.818, 0.393860579249
2.515e+14, 6.2898e+13, 0.398748, 1671.7, 1517.3, 0.218493618409
7.0284e+13, 3.4584e+14, 0.510275, 1188.5, 1211.23, 0.316877983174
2.0128e+14, 6.5885e+13, 0.361602, 835.157, 1256.99, 0.27989841721
9.0913e+13, 2.8358e+14, 0.254755, 1569.05, 162.523, 0.0508273378211
1.0957e+14, 2.4202e+14, 0.633408, 930.401, 996.223, 0.341972017454
1.5783e+14, 8.0728e+13, 0.436606, 1132.65, 395.166, 0.157250598891
4.5809e+14, 6.485e+13, 0.549545, 1512.42, 425.855, 0.155071258935
2.3461e+14, 6.8426e+13, 0.468455, 1447.26, 745.718, 0.26365182793
9.35e+13, 2.1668e+14, 0.367423, 1811.47, 432.827, 0.0395949223915
2.2715e+14, 6.9249e+13, 0.299333, 1167.57, 1618.72, 0.271077408184
6.3298e+13, 2.2663e+14, 0.462493, 1109.1, 125.865, 0.0698259626184
7.4518e+13, 2.6206e+14, 0.576983, 1289.13, 690.449, 0.250319543539
3.4714e+14, 1.2702e+14, 0.152971, 1139.15, 837.392, 0.116359776779
8.2562e+13, 4.2794e+14, 0.159468, -1112.2, 236.254, 0.0574032212861
1.6957e+14, 8.6443e+14, 1.14695, 175.719, 1180.19, 0.191021575478
7.6823e+13, 3.7668e+14, 0.208435, 11.4543, 1791.37, 0.208430739174
7.7129e+13, 5.0801e+14, 0.513988, 1622.09, 798.219, 0.186850145251
1.7242e+14, 6.6026e+13, 0.21652, 1189.29, 422.589, 0.0957859140088
3.1611e+14, 1.1246e+14, 0.277489, 1654.7, 337.65, 0.0555850553931
1.0385e+14, 1.8634e+14, 0.254723, 490.314, 1146.4, 0.188155755227
3.0118e+14, 8.9431e+13, 0.218733, 1808.09, 735.608, 0.0603073850845
8.2162e+13, 2.1163e+14, 0.0934505, 1201.38, 423.023, 0.0310373807524
1.1893e+14, 7.3285e+14, 1.297, 1280.02, 365.904, 0.301181735324
1.7689e+14, 6.3557e+13, 0.490867, 737.264, 1383.4, 0.402997659635
8.9673e+14, 6.1886e+13, 0.549946, 1551.05, 2324.48, 0.388423980493
6.0005e+13, 1.6738e+14, 0.339706, 1015.39, 1477.94, 0.261448810348
7.6776e+13, 2.4334e+14, 0.209287, 1444.22, 230.728, 0.0214938855893
9.3406e+13, 2.8478e+14, 0.265198, 670.945, 2121.03, 0.252848953763
6.3133e+13, 3.3639e+14, 0.0362767, -1132.78, 661.805, 0.0499030551217
1.4544e+14, 4.2361e+14, 0.179444, 1672.03, 341.315, 0.0585674870675
8.9948e+13, 1.9069e+14, 0.265789, 49.7104, 1721.14, 0.265678210776
2.1772e+14, 8.4209e+13, 0.337692, 569.095, 1160.03, 0.296930530708
2.2807e+14, 6.1416e+13, 0.426699, 1405.23, 778.444, 0.202098141703
4.269e+14, 1.229e+14, 0.630004, 1292.52, 1008.06, 0.247377246944
6.2216e+13, 4.774e+14, 0.410434, 1897.46, 417.76, 0.0882508164716
6.2319e+14, 9.0795e+13, 0.724078, 1733.1, 83.3071, 0.0467159853292
1.9702e+14, 6.2686e+13, 0.406165, 1275.19, 516.039, 0.165361040636
2.196e+14, 9.7546e+13, 0.0943398, 120.068, 1269.99, 0.0939209877447
6.1534e+13, 1.9392e+14, 0.260188, 1086.17, 532.347, 0.144626524403
8.0963e+13, 2.2614e+14, 0.417852, 1226.59, 685.918, 0.116870887388
4.9606e+14, 2.0993e+14, 0.338284, 1658.95, 562.532, 0.160030727579
7.9504e+13, 1.9098e+14, 0.416966, 1394.03, 1053.32, 0.20765479997
1.8773e+14, 8.1668e+13, 0.379907, 1086.74, 670.064, 0.152739531968
2.1544e+14, 8.936e+13, 0.302324, 1478.45, 158.559, 0.0603069834943
6.3284e+14, 1.229e+14, 0.0781025, -1020.03, 1046.73, 0.00408013285688
1.7223e+14, 6.3674e+13, 0.165831, 1067.87, 1156.3, 0.121826082751
2.8043e+14, 6.8002e+13, 0.22891, 1296.48, 284.732, 0.0120972519083
9.8294e+14, 6.6403e+13, 0.949684, -176.998, 155.326, 0.0214422520377
2.0789e+14, 6.9978e+13, 0.422167, 1300.73, 711.103, 0.157937791137
8.0916e+13, 3.5142e+14, 0.248638, 1459.09, 570.509, 0.092101518308
4.4214e+14, 6.8802e+13, 0.394619, 1306.13, 1639.28, 0.308147157901
6.939e+13, 3.9764e+14, 0.544996, 1712.97, 834.94, 0.0398790180348
7.1578e+13, 2.0838e+14, 0.608851, 1350.72, 377.833, 0.157719462846
7.0025e+13, 6.2223e+14, 0.907469, -664.815, 163.422, 0.123183211685
